state,year,length_ft,volume_cy
AK,2010,,12296.0
AK,2010,,25965.0
AK,2011,,34109.0
AK,2013,,20570.0
AK,2014,,54283.0
AK,2015,,116505.0
AK,2016,,67543.0
AK,2017,,82520.0
AK,2018,,65716.0
AK,2019,,105932.0
AK,2020,,107135.0
AK,2021,,32289.0
AL,1996,0.0,20000.0
AL,2016,4900.0,320000.0
AL,2001,16300.0,1635000.0
AL,2003,17500.0,844000.0
AL,2006,80700.0,7940000.0
AL,2013,80700.0,2680000.0
AL,1986,2500.0,660000.0
AL,1995,2500.0,309852.0
AL,2002,2500.0,99396.0
AL,2003,3500.0,405944.0
AL,2011,0.0,1500000.0
AL,2019,,6300000.0
CA,2005,,20600.0
CA,2014,0.0,70000.0
CA,2006,0.0,250000.0
CA,2009,0.0,300000.0
CA,2012,0.0,150000.0
CA,1969,,212000.0
CA,2009,0.0,48000.0
CA,2016,0.0,65000.0
CA,1954,5280.0,4080000.0
CA,1955,0.0,111095.0
CA,1957,0.0,231339.0
CA,1960,0.0,371000.0
CA,1961,0.0,224804.0
CA,1963,0.0,308000.0
CA,1965,0.0,222000.0
CA,1967,0.0,160000.0
CA,1969,0.0,96718.0
CA,1972,0.0,200000.0
CA,1974,0.0,339820.0
CA,1976,0.0,392000.0
CA,1979,0.0,418000.0
CA,1981,0.0,235000.0
CA,1983,0.0,222000.0
CA,1985,0.0,404000.0
CA,1988,0.0,347000.0
CA,1991,0.0,489000.0
CA,1992,0.0,125976.0
CA,1993,0.0,115000.0
CA,1994,0.0,158996.0
CA,1995,0.0,1500000.0
CA,1996,0.0,443130.0
CA,1997,0.0,197342.0
CA,1998,0.0,347782.0
CA,2001,5100.0,383000.0
CA,2012,4700.0,358000.0
CA,1990,0.0,1429157.0
CA,1992,0.0,1100000.0
CA,1994,,876666.0
CA,1996,,1309000.0
CA,1998,,1235949.0
CA,1999,,2062694.0
CA,2001,,2140915.0
CA,2003,,1085599.0
CA,2005,,2198122.0
CA,2006,0.0,1638018.0
CA,2009,,968533.0
CA,2011,,612448.0
CA,2013,0.0,1117406.0
CA,2015,,2369186.0
CA,2017,,1623309.0
CA,2019,,1600000.0
CA,1941,0.0,2200000.0
CA,1946,46464.0,26000000.0
CA,1967,0.0,40000.0
CA,1976,0.0,1000000.0
CA,1977,0.0,1100000.0
CA,1985,3300.0,1100000.0
CA,1987,0.0,294000.0
CA,1995,0.0,60000.0
CA,1998,0.0,32567.0
CA,2009,,34936.0
CA,1969,,390000.0
CA,1981,,166000.0
CA,1987,,35000.0
CA,1996,,240000.0
CA,1998,,74000.0
CA,2007,,327000.0
CA,2009,,6500.0
CA,2017,,387000.0
CA,1964,,94000.0
CA,1966,4752.0,840000.0
CA,1969,0.0,365000.0
CA,1970,0.0,125472.0
CA,1970,0.0,906667.0
CA,1997,0.0,35500.0
CA,1936,9504.0,1800000.0
CA,1980,0.0,750000.0
CA,1984,0.0,620000.0
CA,1988,0.0,550000.0
CA,1990,0.0,945000.0
CA,1990,,945000.0
CA,2001,3500.0,323000.0
CA,2001,,1000.0
CA,2002,,1000.0
CA,2009,0.0,40000.0
CA,2010,0.0,5000.0
CA,2011,0.0,300.0
CA,2012,3800.0,287000.0
CA,2018,2150.0,300000.0
CA,2019,2900.0,30000.0
CA,2021,,25000.0
CA,2022,,50000.0
CA,2003,1000.0,59000.0
CA,2004,1000.0,18600.0
CA,2005,1000.0,5000.0
CA,2005,1000.0,2500.0
CA,2010,0.0,41000.0
CA,2017,1000.0,3000.0
CA,1988,0.0,745000.0
CA,1989,0.0,585000.0
CA,1945,0.0,205333.0
CA,1947,0.0,1245333.0
CA,1956,0.0,890667.0
CA,1964,20160.0,4000000.0
CA,1971,0.0,2300000.0
CA,1979,0.0,1664000.0
CA,1979,,353232.0
CA,1980,,542944.0
CA,1983,0.0,500000.0
CA,1984,0.0,650000.0
CA,1985,0.0,2700000.0
CA,1990,0.0,1826000.0
CA,1997,0.0,1600000.0
CA,2002,,2232000.0
CA,2008,0.0,120000.0
CA,2009,,1625602.0
CA,1941,66528.0,2248040.0
CA,1967,0.0,41824.0
CA,1976,46464.0,3467471.0
CA,1977,0.0,999855.0
CA,1979,46464.0,2100000.0
CA,1984,0.0,7300.0
CA,1995,,274000.0
CA,1996,,47000.0
CA,2001,2300.0,120000.0
CA,2005,,301000.0
CA,2009,7920.0,45000.0
CA,2012,4100.0,450000.0
CA,2001,2700.0,132000.0
CA,1946,2500.0,794656.0
CA,1998,0.0,109000.0
CA,2008,0.0,359434.0
CA,1974,0.0,50000.0
CA,1938,0.0,1803660.0
CA,1948,78500.0,13984900.0
CA,1956,0.0,2400000.0
CA,1962,39250.0,3202150.0
CA,1963,39250.0,6900000.0
CA,1969,0.0,389000.0
CA,1975,0.0,10667.0
CA,1981,0.0,217000.0
CA,1986,,238000.0
CA,1987,0.0,35000.0
CA,1998,,125825.0
CA,1999,,820089.0
CA,2007,,328000.0
CA,2008,,6204.0
CA,2012,,777427.0
CA,2017,,388362.0
CA,1958,0.0,150000.0
CA,1984,0.0,490000.0
CA,2001,2300.0,151000.0
CA,2010,0.0,450000.0
CA,1987,0.0,29000.0
CA,1943,3696.0,1000000.0
CA,1946,0.0,3071000.0
CA,1949,0.0,822000.0
CA,1964,0.0,702000.0
CA,1968,0.0,406000.0
CA,1971,0.0,190000.0
CA,1985,0.0,120000.0
CA,1985,0.0,50000.0
CA,1985,0.0,450000.0
CA,1987,0.0,400000.0
CA,1990,0.0,475321.0
CA,1990,,457321.0
CA,1992,,125000.0
CA,1994,,637000.0
CA,1995,,1040491.0
CA,1998,,115388.0
CA,1998,,579692.0
CA,1999,,134234.0
CA,2000,,236883.0
CA,2001,,180467.0
CA,2002,,868483.0
CA,2003,,170817.0
CA,2004,,155708.0
CA,2005,,133989.0
CA,2006,,196237.0
CA,2007,,150581.0
CA,2008,,140798.0
CA,2009,,151067.0
CA,2010,,249780.0
CA,2010,,573969.0
CA,2011,,120919.0
CA,2012,,125073.0
CA,2013,,122850.0
CA,2014,,173606.0
CA,2015,,138212.0
CA,2016,,260025.0
CA,2017,,199531.0
CA,1996,,16788.0
CA,1996,,20523.0
CA,2002,,18308.0
CA,2007,,31944.0
CA,1935,12830.0,5706667.0
CA,1965,0.0,124000.0
CA,1966,0.0,60000.0
CA,1967,0.0,150000.0
CA,1967,0.0,150000.0
CA,1968,0.0,494000.0
CA,1969,0.0,750000.0
CA,1969,0.0,750000.0
CA,1970,11000.0,874000.0
CA,1973,0.0,358000.0
CA,1998,0.0,268402.0
CA,2003,0.0,26990.0
CA,2005,0.0,1049621.0
CA,2009,0.0,556664.0
CA,2010,0.0,110000.0
CA,2012,,515982.0
CA,2014,0.0,5000.0
CA,2017,,650000.0
CA,2019,,59000.0
CA,2020,1500.0,40400.0
CA,2021,1500.0,51000.0
CA,1950,0.0,66657.0
CA,1955,0.0,274470.0
CA,1959,0.0,275000.0
CA,2012,0.0,77000.0
CA,2019,,75000.0
CA,2014,0.0,22500.0
CA,2016,0.0,70000.0
CA,2021,3000.0,280000.0
CA,2022,,1.5
CA,2022,3000.0,270000.0
CA,1944,0.0,1530667.0
CA,1958,0.0,799884.0
CA,1960,0.0,41824.0
CA,1961,0.0,482283.0
CA,1963,0.0,3809905.0
CA,1965,0.0,111095.0
CA,1966,0.0,684000.0
CA,1967,0.0,177910.0
CA,1968,0.0,433900.0
CA,1969,0.0,352890.0
CA,1971,0.0,537840.0
CA,1973,0.0,434082.0
CA,1975,0.0,559750.0
CA,1976,0.0,550247.0
CA,1977,0.0,320000.0
CA,1978,0.0,318908.0
CA,1981,0.0,863240.0
CA,1981,0.0,923000.0
CA,1982,0.0,920000.0
CA,1983,0.0,406305.0
CA,1986,0.0,450000.0
CA,1988,0.0,257000.0
CA,1990,0.0,248970.0
CA,1990,,248970.0
CA,1991,0.0,187725.0
CA,1993,0.0,482642.0
CA,1995,0.0,176763.0
CA,1996,,162107.0
CA,1997,0.0,128516.0
CA,1998,3000.0,254000.0
CA,1999,,172334.0
CA,2000,,282000.0
CA,2001,,79978.0
CA,2001,4400.0,421000.0
CA,2002,,342178.0
CA,2003,,317384.0
CA,2004,,222604.0
CA,2005,,260448.0
CA,2006,,228000.0
CA,2007,,194125.0
CA,2008,,187277.0
CA,2009,,185000.0
CA,2010,,268681.0
CA,2011,,179562.0
CA,2012,,225625.0
CA,2012,4300.0,292000.0
CA,2013,,193802.0
CA,2014,,200351.0
CA,2015,,199402.0
CA,2016,,245207.0
CA,2017,,280000.0
CA,2018,,285000.0
CA,2019,,228108.0
CA,2020,,250000.0
CA,1948,0.0,613333.0
CA,1973,0.0,306667.0
CA,1947,0.0,709333.0
CA,1939,0.0,2614000.0
CA,1940,0.0,1360000.0
CA,1954,0.0,2033000.0
CA,1954,0.0,1986640.0
CA,1960,0.0,3700000.0
CA,1961,0.0,6000000.0
CA,1963,0.0,1986000.0
CA,1965,0.0,3527000.0
CA,1968,0.0,1704000.0
CA,1970,0.0,2777333.0
CA,1971,0.0,2483300.0
CA,1973,0.0,2533333.0
CA,1975,0.0,1768000.0
CA,1977,0.0,2533333.0
CA,1981,0.0,100000.0
CA,1983,0.0,150000.0
CA,1984,0.0,150000.0
CA,1984,0.0,1350000.0
CA,1985,0.0,61000.0
CA,1987,0.0,2000000.0
CA,1987,0.0,378000.0
CA,1989,0.0,2200000.0
CA,1991,,199504.0
CA,1993,0.0,300000.0
CA,1999,0.0,68333.0
CA,1999,0.0,68333.0
CA,2005,,26440.0
CA,2009,,685103.0
CA,1947,0.0,57000.0
CA,1968,6336.0,1405961.0
CA,1971,0.0,999855.0
CA,1971,0.0,1020000.0
CA,1991,0.0,6000.0
CA,1996,0.0,238000.0
CA,2000,0.0,230000.0
CA,2000,,282000.0
CA,2006,0.0,328000.0
CA,2011,,156554.0
CA,2012,0.0,85000.0
CA,2012,1320.0,75000.0
CA,1964,0.0,306000.0
CA,2005,0.0,5000.0
CA,2017,,12000.0
CA,1998,0.0,170000.0
CA,2001,3200.0,183000.0
CA,2001,1600.0,245000.0
CA,1964,0.0,204000.0
CA,1966,0.0,254865.0
CA,1967,0.0,10000.0
CA,1974,0.0,1605000.0
CA,1977,0.0,220000.0
CA,1978,0.0,45745.0
CA,1980,0.0,270000.0
CA,1927,1056.0,500000.0
CA,1927,0.0,496660.0
CA,1948,0.0,2866251.0
CA,1948,2112.0,2536500.0
CA,1963,0.0,1202440.0
CA,1964,0.0,1226667.0
CA,1991,0.0,220000.0
CA,2001,,
CA,2012,0.0,
CA,1935,0.0,202000.0
CA,1938,0.0,584000.0
CA,1940,0.0,697700.0
CA,1942,0.0,600110.0
CA,1945,0.0,717773.0
CA,1947,0.0,642977.0
CA,1949,0.0,638152.0
CA,1952,0.0,2476098.0
CA,1972,0.0,229333.0
CA,1974,0.0,380337.0
CA,1975,0.0,50667.0
CA,1976,0.0,402667.0
CA,1978,0.0,342667.0
CA,1979,,768820.0
CA,1984,,222595.0
CA,1985,,207456.0
CA,1986,0.0,250000.0
CA,1987,0.0,223480.0
CA,1988,0.0,260000.0
CA,1989,,84489.0
CA,1989,,134600.0
CA,1990,,90281.0
CA,1991,,287781.0
CA,1992,0.0,229682.0
CA,1993,0.0,548823.0
CA,1994,,345269.0
CA,1995,,615540.0
CA,1996,,442347.0
CA,1998,,591030.0
CA,1999,,376930.0
CA,2000,,376490.0
CA,2001,,261556.0
CA,2002,,336374.0
CA,2003,,418087.0
CA,2004,,306279.0
CA,2005,,292565.0
CA,2006,,317774.0
CA,2007,,271727.0
CA,2008,,402383.0
CA,2009,,172159.0
CA,2010,,312923.0
CA,2011,,198991.0
CA,2012,,246725.0
CA,2013,,256000.0
CA,2014,,249500.0
CA,2015,,240000.0
CA,2016,,409000.0
CA,2017,,328879.0
CA,2019,,240000.0
CA,1965,0.0,70000.0
CA,1966,0.0,34000.0
CA,1967,0.0,57000.0
CA,1968,0.0,60500.0
CA,1969,0.0,79000.0
CA,1970,0.0,94700.0
CA,1971,0.0,108300.0
CA,1972,0.0,90000.0
CA,1973,0.0,109000.0
CA,1974,0.0,60000.0
CA,1975,0.0,91000.0
CA,1976,0.0,98000.0
CA,1977,0.0,52000.0
CA,1977,0.0,147000.0
CA,1978,0.0,55000.0
CA,1979,0.0,162000.0
CA,1980,0.0,190250.0
CA,1981,0.0,187687.0
CA,1982,0.0,138188.0
CA,1983,0.0,154498.0
CA,1984,0.0,130000.0
CA,1984,0.0,79479.0
CA,1985,0.0,176000.0
CA,1985,0.0,145237.0
CA,1986,0.0,197000.0
CA,1986,0.0,230000.0
CA,1986,0.0,230000.0
CA,1986,0.0,207315.0
CA,1987,0.0,212000.0
CA,1987,0.0,212410.0
CA,1988,0.0,230351.0
CA,1989,0.0,214544.0
CA,1990,0.0,173567.0
CA,1991,0.0,163250.0
CA,1992,0.0,160000.0
CA,1993,,124300.0
CA,1994,,234400.0
CA,1995,,170700.0
CA,1996,,101900.0
CA,1997,,118200.0
CA,1998,,399310.0
CA,1999,,317900.0
CA,2000,,340900.0
CA,2001,,195050.0
CA,2002,,238400.0
CA,2003,,342220.0
CA,2004,,290800.0
CA,2005,,160330.0
CA,2006,,245200.0
CA,2007,,226000.0
CA,2008,,243700.0
CA,2009,,210960.0
CA,2010,,456830.0
CA,2011,,331727.0
CA,2012,,270441.0
CA,2013,,185684.0
CA,2014,,112000.0
CA,2016,,483000.0
CA,1939,0.0,60000.0
CA,1943,0.0,150000.0
CA,1945,0.0,150000.0
CA,1947,0.0,14377000.0
CA,1949,0.0,960000.0
CA,1950,0.0,1000000.0
CA,1957,0.0,780000.0
CA,1954,0.0,800000.0
CA,1955,0.0,400000.0
CA,1956,0.0,200000.0
CA,1958,0.0,800000.0
CA,1959,0.0,248330.0
CA,1960,5280.0,250000.0
CA,1967,0.0,70000.0
CA,1968,0.0,70000.0
CA,1983,0.0,250000.0
CA,1988,0.0,110000.0
CA,1993,0.0,30000.0
CA,1994,0.0,15000.0
CA,1995,0.0,15000.0
CA,1997,0.0,75000.0
CA,2009,0.0,75000.0
CA,2014,0.0,30000.0
CA,2015,0.0,50000.0
CA,2016,,9950.0
CA,1998,,50000.0
CA,2001,1900.0,146000.0
CA,2012,1600.0,140000.0
CA,2021,1800.0,20000.0
CA,1990,,1822000.0
CA,1996,,1639000.0
CA,2002,,2232831.0
CA,2009,,1499549.0
CA,1939,0.0,60122.0
CA,1945,0.0,148998.0
CA,1947,0.0,13900000.0
CA,1948,0.0,1390648.0
CA,1949,0.0,396021.0
CA,1973,0.0,17000.0
CA,1973,,16000.0
CA,1975,0.0,11000.0
CA,1975,0.0,10456.0
CA,1962,7392.0,197500.0
CA,1963,2500.0,533333.0
CA,1965,2500.0,235000.0
CA,1966,2500.0,882000.0
CA,1967,2500.0,163375.0
CA,1970,2500.0,249333.0
CA,1971,2500.0,942667.0
CA,1973,0.0,764000.0
CA,1973,0.0,5228.0
CA,1974,0.0,326667.0
CA,1975,0.0,154667.0
CA,1977,0.0,764000.0
CA,1978,,496000.0
CA,1979,,1022000.0
CA,1981,0.0,1139000.0
CA,1983,0.0,1186000.0
CA,1984,0.0,1215272.0
CA,1985,1400.0,150000.0
CA,1985,0.0,800000.0
CA,1986,1400.0,850000.0
CA,1987,2500.0,363100.0
CA,1988,2500.0,800000.0
CA,1989,2500.0,230314.0
CA,1990,2500.0,217913.0
CA,1991,2500.0,377183.0
CA,1992,2500.0,524702.0
CA,1993,2500.0,486478.0
CA,1994,2500.0,470000.0
CA,1995,4200.0,271357.0
CA,1996,2500.0,343370.0
CA,1998,2500.0,741974.0
CA,1999,,639173.0
CA,2000,,818477.0
CA,2001,2500.0,624931.0
CA,2002,2500.0,669749.0
CA,2003,2500.0,669566.0
CA,2004,2500.0,578357.0
CA,2005,2500.0,139386.0
CA,2006,2500.0,416641.0
CA,2007,2500.0,425084.0
CA,2008,2500.0,741935.0
CA,2009,2500.0,377362.0
CA,2010,2500.0,382876.0
CA,2011,2500.0,295946.0
CA,2012,2500.0,220000.0
CA,2013,2500.0,210000.0
CA,2014,2500.0,439285.0
CA,2015,2500.0,777541.0
CA,2019,2500.0,475000.0
CT,1963,300.0,11000.0
CT,1957,500.0,17000.0
CT,1958,2200.0,94000.0
CT,1961,1600.0,9700.0
CT,1964,0.0,21000.0
CT,1957,2600.0,260000.0
CT,1958,1300.0,61000.0
CT,1960,1000.0,45000.0
CT,2012,2600.0,80000.0
CT,1969,0.0,7403.0
CT,1959,11616.0,140000.0
CT,2020,2000.0,27000.0
CT,1959,400.0,13000.0
CT,1957,1235.0,55000.0
CT,1966,800.0,15000.0
CT,1955,5280.0,380000.0
CT,2011,5280.0,10000.0
CT,2012,5280.0,45000.0
CT,1965,2800.0,70000.0
CT,1966,0.0,600000.0
CT,1966,0.0,600000.0
CT,1960,0.0,223000.0
CT,1964,800.0,63000.0
CT,1965,2904.0,24000.0
CT,1957,6000.0,443000.0
CT,1973,0.0,25000.0
CT,1994,4300.0,130000.0
CT,2014,4500.0,90700.0
CT,1958,900.0,20000.0
CT,1957,8800.0,691000.0
CT,1967,0.0,15615.0
CT,1957,6000.0,1070000.0
CT,1983,600.0,113054.0
CT,1958,700.0,22000.0
CT,1964,5600.0,165000.0
CT,1958,2550.0,170000.0
CT,1957,1360.0,51000.0
CT,1967,0.0,37000.0
CT,1959,4300.0,256000.0
CT,1964,0.0,63000.0
CT,2014,0.0,28200.0
DE,1994,0.0,15000.0
DE,1961,0.0,100000.0
DE,1962,4800.0,69649.0
DE,1989,5100.0,285000.0
DE,1992,5100.0,220000.0
DE,1994,4150.0,185000.0
DE,1998,5100.0,322000.0
DE,2008,14950.0,1322000.0
DE,2009,,200000.0
DE,2011,5500.0,936000.0
DE,2012,,437000.0
DE,2013,,268000.0
DE,2018,5000.0,622000.0
DE,2021,3500.0,391000.0
DE,1962,0.0,26000.0
DE,1962,3000.0,45000.0
DE,1968,0.0,18000.0
DE,1969,0.0,6500.0
DE,1972,0.0,21200.0
DE,1973,1400.0,15800.0
DE,1974,1000.0,28800.0
DE,1976,0.0,9400.0
DE,1985,0.0,35700.0
DE,1986,500.0,13700.0
DE,1988,0.0,51700.0
DE,1994,500.0,12000.0
DE,1998,2200.0,101405.0
DE,2009,400.0,1000.0
DE,2009,2615.0,9000.0
DE,2009,2000.0,7000.0
DE,2012,2700.0,13000.0
DE,2018,1100.0,6300.0
DE,2019,2200.0,13500.0
DE,1957,1500.0,76800.0
DE,1961,0.0,120000.0
DE,1973,0.0,118100.0
DE,1975,6100.0,295000.0
DE,1976,2200.0,59700.0
DE,1981,0.0,127700.0
DE,1988,0.0,59400.0
DE,1993,,37000.0
DE,1994,0.0,30000.0
DE,1996,0.0,25000.0
DE,2005,5700.0,152000.0
DE,2011,5000.0,30000.0
DE,2012,1500.0,10000.0
DE,2013,1500.0,10000.0
DE,2014,2700.0,29000.0
DE,2016,14600.0,1700000.0
DE,2000,,1.0
DE,2001,0.0,8000.0
DE,2002,0.0,10000.0
DE,2003,0.0,8000.0
DE,2004,0.0,6000.0
DE,2005,0.0,7000.0
DE,2006,0.0,6249.0
DE,2008,2050.0,24000.0
DE,2010,750.0,4300.0
DE,2010,750.0,4300.0
DE,2013,2050.0,25000.0
DE,2013,2050.0,25000.0
DE,2018,2550.0,31000.0
DE,2018,2550.0,31000.0
DE,1962,4700.0,82053.0
DE,1993,1900.0,5755.0
DE,1994,6000.0,580000.0
DE,1994,,6200.0
DE,1994,403.0,21000.0
DE,1998,6095.0,453500.0
DE,2005,,1266000.0
DE,2009,,311000.0
DE,2011,5500.0,669000.0
DE,2016,4032.0,272000.0
DE,2019,4029.0,266000.0
DE,1962,0.0,67600.0
DE,1988,6000.0,333500.0
DE,1991,1600.0,126800.0
DE,1992,1600.0,37000.0
DE,1992,4150.0,144900.0
DE,1994,2300.0,68236.0
DE,1998,2800.0,141100.0
DE,2004,6500.0,1000000.0
DE,2011,5000.0,282000.0
DE,2011,5000.0,50000.0
DE,2013,,368000.0
DE,2013,10982.4,368000.0
DE,2018,6000.0,270442.0
DE,1962,8400.0,95400.0
DE,1961,4250.0,80000.0
DE,1962,0.0,30600.0
DE,1969,0.0,12000.0
DE,1973,0.0,3000.0
DE,1974,1700.0,46500.0
DE,1979,5000.0,74000.0
DE,1988,1000.0,15780.0
DE,1996,1000.0,32580.0
DE,1996,0.0,50000.0
DE,2006,0.0,400.0
DE,2008,1400.0,15000.0
DE,2010,1000.0,10000.0
DE,2012,1500.0,7000.0
DE,2014,1500.0,7500.0
DE,2019,4800.0,13000.0
DE,1953,0.0,55100.0
DE,1954,0.0,44900.0
DE,1957,0.0,79000.0
DE,1957,0.0,434400.0
DE,1962,0.0,20700.0
DE,1963,0.0,87000.0
DE,1969,0.0,135600.0
DE,1973,3700.0,69800.0
DE,1975,4800.0,101700.0
DE,1977,1000.0,11400.0
DE,1978,1000.0,31000.0
DE,1981,0.0,113900.0
DE,1983,0.0,50500.0
DE,1987,0.0,11000.0
DE,1989,0.0,1500000.0
DE,1990,0.0,32000.0
DE,1994,0.0,50000.0
DE,1998,0.0,80898.0
DE,2004,1400.0,180745.0
DE,2011,1400.0,111757.0
DE,2012,,8315.0
DE,2013,,25000.0
DE,2013,1400.0,22000.0
DE,2018,1400.0,36576.0
DE,1998,0.0,14227.0
DE,2002,,22224.0
DE,2016,2500.0,45800.0
DE,1957,0.0,512400.0
DE,1961,0.0,48000.0
DE,1962,8400.0,290000.0
DE,1963,0.0,590300.0
DE,1965,0.0,90000.0
DE,1972,5000.0,774300.0
DE,1975,5000.0,142500.0
DE,1978,5000.0,535400.0
DE,1982,3500.0,223900.0
DE,1984,3500.0,540000.0
DE,1988,3500.0,100000.0
DE,1989,3500.0,100000.0
DE,1990,3500.0,175000.0
DE,1991,3500.0,68900.0
DE,1992,3500.0,40000.0
DE,1993,3500.0,100000.0
DE,1993,3500.0,100000.0
DE,1994,3500.0,100000.0
DE,1994,3500.0,100000.0
DE,1995,3500.0,100000.0
DE,1995,3500.0,100000.0
DE,1996,3500.0,100000.0
DE,1996,3500.0,100000.0
DE,1997,3500.0,100000.0
DE,1997,3500.0,100000.0
DE,1998,3500.0,100000.0
DE,1998,3500.0,100000.0
DE,1999,3500.0,100000.0
DE,1999,3500.0,100000.0
DE,2000,3500.0,100000.0
DE,2000,3500.0,100000.0
DE,2001,3500.0,100000.0
DE,2001,3500.0,100000.0
DE,2002,3500.0,100000.0
DE,2002,3500.0,100000.0
DE,2003,3500.0,100000.0
DE,2003,3500.0,100000.0
DE,2004,3500.0,100000.0
DE,2004,3500.0,100000.0
DE,2005,3500.0,100000.0
DE,2005,3500.0,100000.0
DE,2006,3500.0,100000.0
DE,2006,3500.0,100000.0
DE,2007,3500.0,100000.0
DE,2007,3500.0,100000.0
DE,2008,3500.0,100000.0
DE,2008,3500.0,100000.0
DE,2009,3500.0,100000.0
DE,2009,3500.0,100000.0
DE,2010,3500.0,100000.0
DE,2010,3500.0,100000.0
DE,2011,3500.0,100000.0
DE,2011,3500.0,100000.0
DE,2012,3500.0,100000.0
DE,2012,3500.0,100000.0
DE,2013,3500.0,100000.0
DE,2013,3500.0,100000.0
DE,2013,3500.0,521000.0
DE,2014,3500.0,100000.0
DE,2014,3500.0,100000.0
DE,2015,3500.0,100000.0
DE,2015,3500.0,100000.0
DE,2016,3500.0,100000.0
DE,2016,3500.0,100000.0
DE,2017,3500.0,100000.0
DE,2020,1000.0,140000.0
DE,1962,0.0,39600.0
DE,1969,0.0,5000.0
DE,1978,1600.0,85200.0
DE,1990,2400.0,55400.0
DE,2001,0.0,27150.0
DE,2019,2600.0,14000.0
DE,1962,,20200.0
DE,2016,10560.0,1400000.0
DE,1957,0.0,512400.0
DE,1962,4900.0,69400.0
DE,1962,5000.0,216200.0
DE,1994,1385.0,14004.0
DE,1998,2265.0,188100.0
DE,1998,2750.0,274300.0
DE,2005,13500.0,1670000.0
DE,2009,,311000.0
DE,2011,4919.0,363000.0
DE,2013,,509000.0
DE,2016,4465.0,384000.0
DE,2019,3736.0,220554.0
DE,1958,0.0,49000.0
DE,1961,0.0,165000.0
DE,1962,0.0,56600.0
DE,1975,4700.0,179500.0
DE,1976,9600.0,277700.0
DE,1979,0.0,20000.0
DE,1985,0.0,10300.0
DE,1985,1700.0,26300.0
DE,2002,500.0,8600.0
DE,2005,4400.0,115000.0
DE,2021,2600.0,4500.0
DE,1962,3700.0,65000.0
DE,1989,4200.0,231600.0
DE,1992,4850.0,193000.0
DE,1994,2550.0,98000.0
DE,1998,3400.0,169000.0
DE,2008,,1854000.0
DE,2011,5000.0,660000.0
DE,2013,4000.0,268000.0
DE,2018,3600.0,484000.0
DE,2021,4000.0,309000.0
DE,1961,,20000.0
DE,1962,,10000.0
DE,1969,,4000.0
DE,1974,830.0,4000.0
DE,1975,1000.0,15000.0
DE,1976,,9400.0
DE,1984,,17000.0
DE,1989,,8000.0
DE,1992,,2000.0
DE,1997,500.0,7500.0
DE,2009,400.0,2000.0
DE,2012,700.0,2000.0
DE,2020,,1.0
FL,1979,9000.0,1000000.0
FL,1982,0.0,395000.0
FL,1984,,395000.0
FL,1987,6864.0,515000.0
FL,1990,0.0,147693.0
FL,1993,19008.0,2600000.0
FL,1994,17300.0,2600000.0
FL,1997,4500.0,325000.0
FL,2001,4280.0,300000.0
FL,2002,19008.0,1900000.0
FL,2006,3294.0,400000.0
FL,2011,16896.0,2100000.0
FL,2013,19130.0,580000.0
FL,2018,,570000.0
FL,2021,19008.0,1800000.0
FL,1978,0.0,206000.0
FL,1993,24382.5,2198624.0
FL,2002,27456.0,1900000.0
FL,2006,24288.0,212922.0
FL,2011,8075.0,229482.0
FL,2014,30096.0,1349624.0
FL,2020,,235000.0
FL,2020,23760.0,761989.0
FL,2020,,75000.0
FL,2021,7550.0,98300.0
FL,1986,0.0,138000.0
FL,1960,5024.0,86000.0
FL,1961,5024.0,83000.0
FL,1969,5024.0,136000.0
FL,1975,5024.0,1700000.0
FL,1990,5024.0,230000.0
FL,1998,3168.0,282852.0
FL,2002,5024.0,35000.0
FL,2003,4224.0,188136.0
FL,2005,5024.0,45100.0
FL,2007,5024.0,30000.0
FL,2009,1795.2,15000.0
FL,2014,4224.0,49592.0
FL,2015,5024.0,235733.0
FL,2017,1056.0,37281.0
FL,2020,,250000.0
FL,2021,,90000.0
FL,2011,2017.7,52500.0
FL,2013,4104.7,66065.0
FL,1999,0.0,28000.0
FL,2008,2112.0,2855.0
FL,2010,2112.0,25000.0
FL,2010,2112.0,6544.0
FL,2011,2112.0,6664.0
FL,2012,2112.0,22617.0
FL,2013,2112.0,2554.0
FL,2014,2112.0,1295.0
FL,2016,5808.0,325400.0
FL,2017,2112.0,27477.0
FL,2017,3696.0,72106.0
FL,2018,2640.0,165600.0
FL,2013,2470.0,112871.0
FL,2017,1600.0,68320.0
FL,1985,2715.0,221000.0
FL,1988,8500.0,1102000.0
FL,1996,2715.0,220000.0
FL,1998,7656.0,680000.0
FL,2002,4920.0,342000.0
FL,2004,,747000.0
FL,2005,500.0,65090.0
FL,2006,500.0,45970.0
FL,2006,7920.0,340000.0
FL,2007,500.0,59170.0
FL,2008,500.0,68720.0
FL,2009,500.0,67740.0
FL,2010,500.0,60560.0
FL,2010,12408.0,782200.0
FL,2010,4920.0,183800.0
FL,2011,500.0,52400.0
FL,2012,500.0,46730.0
FL,2013,500.0,39150.0
FL,2013,4920.0,168900.0
FL,2014,12408.0,561611.0
FL,2014,500.0,47760.0
FL,2015,500.0,30250.0
FL,2016,500.0,58280.0
FL,2017,500.0,62250.0
FL,2017,7920.0,514000.0
FL,2018,500.0,40650.0
FL,2019,500.0,52580.0
FL,2020,,82000.0
FL,2020,,574000.0
FL,1995,4118.0,217000.0
FL,2004,4224.0,143000.0
FL,2014,4224.0,134484.0
FL,2003,1900.0,76740.0
FL,2004,1900.0,52700.0
FL,2005,1900.0,99400.0
FL,2006,1900.0,91100.0
FL,2007,1900.0,119150.0
FL,2008,1900.0,121300.0
FL,2009,1900.0,97875.0
FL,2010,1900.0,86475.0
FL,2011,1900.0,27750.0
FL,2012,1900.0,69225.0
FL,2013,1900.0,66675.0
FL,2014,1900.0,68625.0
FL,2015,1900.0,98650.0
FL,2016,1900.0,109725.0
FL,2017,1900.0,103512.5
FL,2018,1900.0,100000.0
FL,2019,1900.0,87500.0
FL,2020,,187162.5
FL,2021,,68600.0
FL,2005,54384.0,252200.0
FL,2006,50000.0,47770.0
FL,2008,45000.0,30948.0
FL,2009,54384.0,69132.0
FL,2014,54384.0,47262.0
FL,2017,70752.0,95640.0
FL,2018,70752.0,78828.0
FL,2020,70752.0,99898.0
FL,2021,54384.0,47167.0
FL,1972,11000.0,200000.0
FL,1974,11000.0,2850000.0
FL,1981,10560.0,540000.0
FL,1994,5100.0,100000.0
FL,1995,0.0,0.0
FL,1995,13000.0,956800.0
FL,1996,3000.0,40000.0
FL,1998,9000.0,1000000.0
FL,1998,38000.0,828878.0
FL,2001,52000.0,3140000.0
FL,2005,31400.0,754600.0
FL,2007,5500.0,760988.0
FL,2010,9000.0,646781.0
FL,2014,38500.0,998589.0
FL,2019,16000.0,1298420.0
FL,2021,19700.0,472526.0
FL,1961,0.0,107000.0
FL,1981,10454.4,655500.0
FL,1985,4680.0,3300.0
FL,1989,23760.0,1600000.0
FL,1996,26400.0,335544.0
FL,2006,25344.0,1352931.0
FL,2008,2745.6,98270.0
FL,2014,26400.0,783369.0
FL,2021,26400.0,845600.0
FL,1950,3120.0,150000.0
FL,1951,3120.0,200000.0
FL,1981,3120.0,180000.0
FL,1984,3120.0,80000.0
FL,2012,3120.0,30000.0
FL,2008,0.0,14450.0
FL,1973,14256.0,1634513.0
FL,1978,8976.0,701266.0
FL,1984,13728.0,1300000.0
FL,1992,8976.0,1196500.0
FL,2002,8976.0,1230000.0
FL,2005,14256.0,326804.0
FL,2013,10032.0,1158500.0
FL,2014,5280.0,381200.0
FL,2020,4066.0,364400.0
FL,1986,0.0,182000.0
FL,1987,0.0,126000.0
FL,1988,0.0,125000.0
FL,2006,36432.0,1900000.0
FL,2007,0.0,950000.0
FL,2018,1200.0,143102.0
FL,1963,15275.0,609000.0
FL,1972,15275.0,1667500.0
FL,1974,7920.0,347280.0
FL,1980,45936.0,2877000.0
FL,1985,12144.0,1284400.0
FL,1986,13200.0,308650.0
FL,1987,13200.0,849770.0
FL,1991,8448.0,300000.0
FL,1995,36960.0,1187279.0
FL,2003,7920.0,120000.0
FL,2005,31400.0,615198.0
FL,2011,31286.0,689015.0
FL,2016,36960.0,682000.0
FL,2017,64416.0,414939.0
FL,2019,45408.0,878500.0
FL,2010,26928.0,994760.0
FL,2000,2700.0,633833.0
FL,2006,2700.0,1325878.0
FL,2015,2700.0,623496.0
FL,1999,19008.0,1100000.0
FL,2006,2112.0,300000.0
FL,2008,17952.0,1931928.0
FL,2015,2112.0,465200.0
FL,2018,7920.0,740000.0
FL,1991,2060.0,30263.0
FL,2001,0.0,25000.0
FL,2018,34644.0,321250.0
FL,2019,60192.0,409254.0
FL,2020,,1.0
FL,2020,,1.0
FL,1999,500.0,6790.0
FL,1986,0.0,119000.0
FL,1987,0.0,767000.0
FL,2004,6000.0,517476.0
FL,2011,6336.0,402805.0
FL,2020,,124000.0
FL,1971,6864.0,718000.0
FL,1980,6864.0,346000.0
FL,1987,6864.0,29800.0
FL,1989,6864.0,47800.0
FL,1990,6864.0,211000.0
FL,1994,0.0,84660.0
FL,1995,0.0,166650.0
FL,1997,0.0,624935.0
FL,1999,6864.0,907993.0
FL,2003,2112.0,324625.0
FL,2004,2640.0,410496.0
FL,2005,6864.0,684322.0
FL,2007,6864.0,499469.0
FL,2009,1425.6,185491.0
FL,2011,1056.0,78222.0
FL,2012,4350.0,480223.0
FL,2013,16368.0,431301.0
FL,2014,1478.4,164100.0
FL,2015,16368.0,319091.0
FL,2017,1056.0,74326.0
FL,2018,16368.0,560000.0
FL,1981,18720.0,264000.0
FL,1993,10400.0,1.0
FL,2007,16368.0,1072781.0
FL,2013,15312.0,433424.0
FL,2019,2640.0,139666.0
FL,2019,5808.0,141972.0
FL,2009,0.0,90000.0
FL,2015,0.0,177000.0
FL,1972,4942.0,360000.0
FL,1998,6120.0,555000.0
FL,2008,528.0,10350.0
FL,2009,3960.0,15692.0
FL,2011,6115.8,339151.0
FL,2015,1056.0,45600.0
FL,2018,2112.0,33613.0
FL,2020,2640.0,60000.0
FL,1969,4487.9,1440000.0
FL,1989,4061.8,230000.0
FL,2000,0.0,12500.0
FL,2002,845.0,12000.0
FL,2007,2794.8,137094.0
FL,2015,2500.0,162890.0
FL,2003,20064.0,1514081.0
FL,2005,20064.0,578910.0
FL,2010,20064.0,650000.0
FL,2014,20064.0,725900.0
FL,2018,15800.0,275838.0
FL,2021,20000.0,722988.0
FL,1972,0.0,423684.0
FL,1978,0.0,187600.0
FL,1986,3168.0,110038.0
FL,1989,0.0,100000.0
FL,1990,0.0,235000.0
FL,1993,0.0,116520.0
FL,1997,0.0,236000.0
FL,2003,13200.0,536500.0
FL,2006,11731.0,348500.0
FL,2007,8000.0,85700.0
FL,2007,13000.0,204900.0
FL,2010,20064.0,267182.0
FL,2011,8448.0,207491.0
FL,2012,3000.0,119851.0
FL,2012,34848.0,90000.0
FL,2013,8500.0,34600.0
FL,2013,0.0,25000.0
FL,2014,3000.0,111200.0
FL,2015,34848.0,472000.0
FL,2015,34848.0,188563.0
FL,2020,16368.0,123800.0
FL,2020,19536.0,307000.0
FL,1971,4224.0,360000.0
FL,1977,7920.0,1090000.0
FL,1979,27984.0,1980000.0
FL,1989,7920.0,604000.0
FL,1991,27456.0,1108000.0
FL,2001,2006.4,25000.0
FL,2006,36432.0,1850000.0
FL,2012,3960.0,69000.0
FL,2013,3960.0,116000.0
FL,2018,38016.0,123200.0
FL,1996,30096.0,257602.0
FL,2001,12838.8,1500000.0
FL,2010,12838.8,926000.0
FL,2021,12672.0,990773.0
FL,1957,0.0,250000.0
FL,1961,0.0,366000.0
FL,1963,2112.0,64644.0
FL,1964,0.0,118312.0
FL,1967,0.0,60000.0
FL,1972,0.0,280000.0
FL,1974,26126.9,3488759.0
FL,1978,20757.8,1327289.0
FL,1983,9005.0,1000000.0
FL,1987,21690.8,2230000.0
FL,1990,9923.0,585308.0
FL,1991,9895.8,414812.0
FL,1993,4381.2,203736.0
FL,1995,5583.7,604000.0
FL,1995,1584.0,2000.0
FL,1996,26226.0,1741134.0
FL,2002,5544.0,625000.0
FL,2003,30951.4,1519561.0
FL,2007,27230.8,1706711.0
FL,2012,22784.1,1150858.0
FL,2012,5583.7,41145.0
FL,2013,5583.7,6100.0
FL,2014,5583.7,4000.0
FL,2015,3696.0,82084.0
FL,2015,2112.0,141000.0
FL,2015,2112.0,45300.0
FL,2016,25872.0,1670455.0
FL,2017,2112.0,102068.0
FL,2017,2112.0,62863.0
FL,2019,37488.0,1173000.0
FL,2020,1205.0,4935.0
FL,2020,7920.0,591095.0
FL,2021,5550.0,409711.0
FL,2021,2000.0,220000.0
FL,2021,,210000.0
FL,1962,4224.0,230000.0
FL,1970,4224.0,181400.0
FL,1980,4224.0,235000.0
FL,1985,4224.0,120000.0
FL,1993,4224.0,95000.0
FL,2003,4224.0,175000.0
FL,2010,4224.0,48000.0
FL,2016,4224.0,7300.0
FL,2014,0.0,85000.0
FL,2021,21120.0,400000.0
FL,1969,5280.0,196300.0
FL,1987,12672.0,420000.0
FL,2002,6864.0,121000.0
FL,2008,3960.0,2400.0
FL,2012,6336.0,37500.0
FL,2017,6336.0,27064.0
FL,1960,0.0,30000.0
FL,1989,0.0,10000.0
FL,2000,3300.0,36000.0
FL,1995,3168.0,255451.0
FL,1998,9504.0,89000.0
FL,2003,10560.0,628000.0
FL,2006,10560.0,298000.0
FL,2011,10560.0,373720.0
FL,2017,1056.0,88100.0
FL,2020,7920.0,1299000.0
FL,1964,3168.0,123000.0
FL,1970,3168.0,350000.0
FL,1974,2640.0,250000.0
FL,1977,2640.0,400000.0
FL,1982,4450.0,92000.0
FL,1985,2640.0,239000.0
FL,1991,3900.0,177000.0
FL,1996,3168.0,178000.0
FL,1998,4435.0,285000.0
FL,1998,4963.0,292500.0
FL,2001,7181.0,360000.0
FL,2003,6178.0,125000.0
FL,2009,8131.2,464000.0
FL,2015,6336.0,222800.0
FL,2019,7920.0,185000.0
FL,2020,,590000.0
FL,1964,0.0,2700.0
FL,1978,0.0,101480.0
FL,1982,0.0,100000.0
FL,1991,0.0,88500.0
FL,1993,49732.0,3129046.0
FL,1994,6864.0,1320000.0
FL,1996,0.0,148000.0
FL,1997,26800.0,1171200.0
FL,1998,0.0,2000.0
FL,2001,3574.0,105280.0
FL,2003,5932.0,99800.0
FL,2006,52365.0,1790000.0
FL,2011,2742.0,139867.0
FL,2014,3198.0,98000.0
FL,2014,4224.0,98000.0
FL,2014,4224.0,98000.0
FL,2015,528.0,6000.0
FL,2015,528.0,6000.0
FL,2016,1056.0,139000.0
FL,2016,4752.0,66000.0
FL,2016,4224.0,212900.0
FL,2016,1056.0,39375.0
FL,2016,1584.0,21100.0
FL,2016,1056.0,33300.0
FL,2016,1056.0,139000.0
FL,2016,4752.0,66000.0
FL,2016,4224.0,212900.0
FL,2016,1056.0,39375.0
FL,2016,1584.0,21100.0
FL,2016,1056.0,33300.0
FL,2021,,750000.0
FL,2021,,70000.0
FL,2021,,180000.0
FL,2004,6336.0,570240.0
FL,2014,6336.0,333494.0
FL,1961,10400.0,30000.0
FL,1981,2640.0,110000.0
FL,2003,2640.0,100000.0
FL,2006,3960.0,155060.0
FL,2011,5280.0,141860.0
FL,2017,3696.0,145380.0
FL,2020,23232.0,845000.0
FL,1991,13728.0,1215000.0
FL,1995,0.0,2400.0
FL,1997,0.0,60000.0
FL,1998,0.0,12000.0
FL,2001,0.0,24100.0
FL,2005,4127.5,341000.0
FL,2006,4224.0,176000.0
FL,2010,4127.5,129705.0
FL,2012,1000.0,9000.0
FL,2013,2294.4,77800.0
FL,2016,4224.0,13200.0
FL,2016,1056.0,9760.0
FL,2018,,98950.0
FL,2018,,41310.0
FL,2019,6336.0,180000.0
FL,2020,2323.2,80000.0
FL,1992,9504.0,191502.0
FL,1999,9504.0,222000.0
FL,2004,9504.0,214475.0
FL,2007,9504.0,187862.0
FL,2013,6652.8,138352.0
FL,1996,19800.0,1338471.0
FL,2001,22176.0,178000.0
FL,2002,3010.0,125576.0
FL,2005,22176.0,797406.0
FL,2013,21120.0,613017.0
FL,2018,21120.0,427763.0
FL,1979,,
FL,1980,55440.0,13878000.0
FL,1981,,
FL,1982,,
FL,1985,8448.0,50000.0
FL,1990,,43163.0
FL,1990,,225000.0
FL,1990,,32000.0
FL,1994,1056.0,152096.0
FL,1996,,8000.0
FL,1997,,80130.0
FL,1997,,9000.0
FL,1997,5280.0,508938.0
FL,1998,1056.0,18000.0
FL,1998,,282852.0
FL,1998,,35000.0
FL,1999,1584.0,590000.0
FL,2001,2112.0,192000.0
FL,2001,,707000.0
FL,2002,,125000.0
FL,2003,,45000.0
FL,2005,1056.0,35000.0
FL,2006,5280.0,110000.0
FL,2006,,30000.0
FL,2007,2112.0,70000.0
FL,2007,1056.0,30000.0
FL,2009,1795.2,3000.0
FL,2009,2006.4,10000.0
FL,2009,1532.2,10000.0
FL,2012,2904.0,18922.0
FL,2012,2904.0,122237.0
FL,2012,4752.0,206042.0
FL,2012,8448.0,206042.0
FL,2013,,6296.0
FL,2014,,31365.0
FL,2015,1795.2,19259.0
FL,2016,3000.0,220000.0
FL,2017,3168.0,233330.0
FL,2018,1531.2,29230.0
FL,2020,7000.0,200000.0
FL,1995,5280.0,880000.0
FL,1996,5400.0,880000.0
FL,2003,12672.0,1273100.0
FL,2006,11088.0,918320.0
FL,2010,5280.0,52000.0
FL,2011,5280.0,52000.0
FL,2015,11616.0,966587.0
FL,2016,3168.0,14958.0
FL,2018,528.0,6000.0
FL,2020,14800.0,777000.0
FL,2020,13728.0,700000.0
FL,1964,4160.0,140000.0
FL,1973,6760.0,700000.0
FL,2006,0.0,350000.0
FL,1983,0.0,48000.0
FL,1986,0.0,119000.0
FL,1996,3800.0,90700.0
FL,1996,6864.0,322800.0
FL,1996,17800.0,759150.0
FL,2000,0.0,253500.0
FL,2003,0.0,83000.0
FL,2006,10032.0,673000.0
FL,2012,5280.0,10000.0
FL,2014,5280.0,263985.0
FL,2016,7603.2,43584.0
FL,2016,9504.0,26943.0
FL,2016,7603.2,43584.0
FL,2016,9504.0,26943.0
FL,2022,23000.0,155000.0
FL,2006,21648.0,3400000.0
FL,2010,0.0,11881.0
FL,2016,21648.0,1600000.0
FL,1998,7162.0,939886.0
FL,2005,5802.0,557651.0
FL,2014,5802.0,503690.0
FL,2020,4650.0,455000.0
FL,1974,0.0,89167.0
FL,1978,0.0,434558.0
FL,1984,0.0,82212.0
FL,1989,0.0,868967.0
FL,2005,0.0,767000.0
FL,2008,0.0,432000.0
FL,1944,0.0,280000.0
FL,1944,0.0,300000.0
FL,1948,8976.0,2335300.0
FL,1949,0.0,480000.0
FL,1953,0.0,463000.0
FL,1970,0.0,61949.0
FL,1972,0.0,131538.0
FL,1973,0.0,1366229.0
FL,1973,14256.0,1630000.0
FL,1975,0.0,68090.0
FL,1976,0.0,100000.0
FL,1977,0.0,86000.0
FL,1978,0.0,43559.0
FL,1978,10296.0,701266.0
FL,1984,0.0,110799.0
FL,1984,14256.0,1300000.0
FL,1985,0.0,130803.0
FL,1987,0.0,191000.0
FL,1987,0.0,34000.0
FL,1989,0.0,105756.0
FL,1990,0.0,75351.0
FL,1991,0.0,87335.0
FL,1994,0.0,155310.0
FL,1995,0.0,179330.0
FL,1996,0.0,150110.0
FL,1997,0.0,144800.0
FL,1998,0.0,58400.0
FL,1998,0.0,157828.0
FL,1999,0.0,52928.0
FL,2000,0.0,124000.0
FL,2001,0.0,220000.0
FL,2001,0.0,57332.0
FL,2002,0.0,118450.0
FL,2003,0.0,76624.0
FL,2003,0.0,157000.0
FL,2003,11616.0,123100.0
FL,2004,0.0,214200.0
FL,2005,5808.0,55800.0
FL,2006,11088.0,918320.0
FL,2006,7284.0,1100000.0
FL,2010,12672.0,916192.0
FL,2011,8639.0,68832.0
FL,2012,0.0,69275.0
FL,2012,0.0,160000.0
FL,2013,0.0,418616.0
FL,2014,5808.0,503690.0
FL,2015,0.0,16362.0
FL,2015,11616.0,966587.0
FL,2016,3168.0,14958.0
FL,2016,0.0,164815.0
FL,2016,11229.0,1020758.0
FL,2020,,700000.0
FL,2020,,78900.0
FL,2021,,103500.0
FL,1935,,1295894.0
FL,1937,,956342.0
FL,1938,,457501.0
FL,1939,,338159.0
FL,1940,,262522.0
FL,1941,,3862229.0
FL,1942,,491762.0
FL,1945,,279171.0
FL,1976,26312.0,232000.0
FL,1982,5200.0,347000.0
FL,1984,5200.0,320000.0
FL,1986,5200.0,221000.0
FL,1988,0.0,225000.0
FL,1996,0.0,98990.0
FL,1999,93456.0,9115000.0
FL,2002,0.0,374606.0
FL,2002,0.0,1280000.0
FL,2004,0.0,120000.0
FL,2006,88176.0,3265000.0
FL,2006,3943.0,17000.0
FL,2011,38750.0,1370000.0
FL,2016,92400.0,900000.0
FL,1985,21120.0,180000.0
FL,1996,18000.0,100000.0
FL,1999,0.0,163000.0
FL,2001,16505.0,560000.0
FL,2005,10238.0,258300.0
FL,2005,20000.0,321500.0
FL,2011,10381.0,51043.0
FL,2014,8000.0,17050.0
FL,2018,8000.0,25000.0
FL,2021,22000.0,452482.0
FL,1961,0.0,75300.0
FL,1986,0.0,35000.0
FL,2003,43296.0,4248300.0
FL,2006,43282.0,2909300.0
FL,2016,42768.0,1750000.0
FL,1980,24544.0,5360000.0
FL,1985,5200.0,2433000.0
FL,1990,24544.0,5362597.0
FL,2008,34320.0,1250000.0
FL,2012,,520000.0
FL,1970,16896.0,1076000.0
FL,1983,27984.0,1909000.0
FL,2013,26928.0,115000.0
FL,2014,23760.0,130000.0
FL,2015,528.0,865.0
FL,2016,26928.0,693000.0
FL,1980,5720.0,49700.0
FL,1995,541.0,2600.0
FL,1995,541.0,699.0
FL,1998,541.0,1188.0
FL,1999,541.0,646.0
FL,2006,541.0,484.0
FL,2009,541.0,505.0
FL,2012,541.0,200.0
FL,2015,541.0,3800.0
FL,1961,1000.0,30000.0
FL,1969,5500.0,143000.0
FL,1972,,66000.0
FL,1973,,400000.0
FL,1974,0.0,126000.0
FL,1977,0.0,186000.0
FL,1981,1560.0,19144.0
FL,1982,,600000.0
FL,1984,0.0,240000.0
FL,1988,8579.0,380000.0
FL,1990,12933.0,1320000.0
FL,1990,,19000.0
FL,1991,,82000.0
FL,1992,22176.0,850000.0
FL,1994,,7000.0
FL,1999,46629.0,2612166.0
FL,2005,46629.0,1700000.0
FL,2012,46629.0,1250000.0
FL,2018,46629.0,1299858.0
FL,2018,74976.0,1299858.0
FL,1996,3329.0,237100.0
FL,2006,7712.0,335544.0
FL,2009,2012.0,136900.0
FL,2012,2155.0,63300.0
FL,2013,5808.0,80823.0
FL,2013,5808.0,37600.0
FL,2017,4224.0,89700.0
FL,2005,41000.0,307300.0
FL,2006,41000.0,127584.0
FL,2008,41184.0,95777.0
FL,2009,41184.0,91822.0
FL,2014,41184.0,191770.0
FL,2018,41184.0,156590.0
FL,2020,4100.0,397335.0
FL,2001,8976.0,10000.0
FL,2004,8976.0,13000.0
FL,2005,8976.0,56000.0
FL,2006,2640.0,30000.0
FL,2007,8976.0,48338.0
FL,2007,5280.0,49955.0
FL,2008,5280.0,50697.0
FL,2010,5280.0,30313.0
FL,2013,5280.0,55581.0
FL,2014,5280.0,46803.0
FL,2015,1584.0,11822.0
FL,2017,6336.0,54829.0
FL,1960,3228.0,30000.0
FL,1989,3228.0,16000.0
FL,2000,3228.0,23600.0
FL,2001,3228.0,4600.0
FL,2011,3228.0,12800.0
FL,2012,3003.0,5000.0
FL,2019,,
FL,2006,11088.0,877000.0
FL,2014,10000.0,713000.0
FL,1963,0.0,50000.0
FL,1994,0.0,197370.0
FL,1996,0.0,170000.0
FL,1999,3200.0,200000.0
FL,2000,3000.0,200000.0
FL,2012,3000.0,250000.0
FL,2003,19082.0,4383000.0
FL,2005,14056.0,2800000.0
FL,2012,10126.0,2199340.0
FL,2018,5000.0,747185.0
FL,1980,3120.0,332000.0
FL,1986,3120.0,500000.0
FL,2009,39600.0,3607246.0
FL,2019,16254.0,2600000.0
FL,1968,0.0,30000.0
FL,1976,2600.0,80000.0
FL,1980,1994.0,253760.0
FL,1986,6853.0,169712.0
FL,1991,1994.0,229950.0
FL,1996,1994.0,263425.0
FL,2000,1994.0,428900.0
FL,2004,3696.0,513092.0
FL,2006,1994.0,124000.0
FL,2010,1994.0,159572.0
FL,2014,3696.0,300598.0
FL,2019,3696.0,150854.0
FL,1959,8448.0,737152.0
FL,1960,7146.0,180000.0
FL,1978,6030.0,300000.0
FL,1980,6030.0,43163.0
FL,1984,7146.0,35000.0
FL,1987,7146.0,235000.0
FL,1988,13914.0,1373188.0
FL,1990,1702.0,31279.0
FL,1994,4973.0,122097.0
FL,1997,7213.0,9000.0
FL,1997,3000.0,593956.0
FL,2002,15123.0,922000.0
FL,2006,0.0,205345.0
FL,2009,3703.0,10000.0
FL,2014,4153.0,35000.0
FL,2015,2112.0,2600.0
FL,2018,12672.0,93052.0
FL,2018,,28500.0
FL,2018,,29217.0
FL,2019,,24934.0
FL,2019,,18764.0
FL,1964,0.0,10000.0
FL,1969,10554.0,790000.0
FL,1969,,143000.0
FL,1971,1218.0,76000.0
FL,1972,2080.0,155000.0
FL,1976,7329.0,380000.0
FL,1978,7329.0,32000.0
FL,1981,3309.0,53500.0
FL,1983,4241.0,262000.0
FL,1986,12881.0,550000.0
FL,1991,2134.0,56000.0
FL,1996,5676.0,51300.0
FL,2000,11040.0,390000.0
FL,2004,5303.0,225000.0
FL,2006,7509.0,180000.0
FL,2010,7509.0,252638.0
FL,2014,10020.0,300516.0
FL,2018,10020.0,277652.0
FL,1994,16640.0,892487.0
FL,1996,9880.0,1024966.0
FL,2005,16896.0,672028.0
FL,2015,16896.0,719917.0
FL,1969,6864.0,177000.0
FL,1974,3696.0,110000.0
FL,2007,0.0,1900000.0
FL,2006,0.3,4100.0
FL,2013,0.3,1117.0
FL,2006,5000.0,50000.0
FL,2010,2405.0,138437.0
FL,2013,8976.0,634292.0
FL,1993,0.0,35000.0
FL,2000,0.0,50000.0
GA,1964,4224.0,150000.0
GA,1977,400.0,100000.0
GA,1986,2640.0,250000.0
GA,1990,10560.0,2000000.0
GA,2019,14200.0,1165600.0
GA,1976,14500.0,2267000.0
GA,1987,15900.0,1360000.0
GA,1993,7000.0,1500000.0
GA,1995,4430.0,342000.0
GA,2000,15800.0,1720000.0
GA,2008,16000.0,1220000.0
GA,2015,18480.0,1614900.0
GA,2017,,250000.0
GA,2018,,250000.0
GA,2019,14900.0,1249935.0
HI,2007,75.0,500.0
HI,2005,100.0,500.0
HI,2008,108.0,3500.0
HI,2004,100.0,500.0
HI,1970,,82000.0
HI,1975,,16000.0
HI,2003,250.0,500.0
HI,2005,300.0,500.0
HI,1939,,7000.0
HI,1959,,19000.0
HI,1972,,12000.0
HI,2003,,1400.0
HI,2007,1500.0,10000.0
HI,2011,480.0,499.0
HI,2015,150.0,150.0
HI,2007,100.0,500.0
HI,2003,175.0,500.0
HI,2005,260.0,25.0
HI,1965,,6000.0
HI,2013,500.0,300.0
HI,2007,500.0,500.0
HI,2008,500.0,6500.0
HI,2010,900.0,2886.0
HI,2015,500.0,8000.0
HI,1951,,150000.0
HI,2012,1700.0,27000.0
HI,2021,1700.0,21000.0
IL,1999,,12337.0
IL,1999,,49338.0
IL,2000,,56275.0
IL,2001,,56194.0
IL,2008,,58000.0
IL,2009,,67820.0
IL,2010,,60890.0
IL,2012,,74361.0
IL,2015,,125000.0
LA,2009,14256.0,2000000.0
LA,2021,,1.0
LA,2014,27720.0,2142170.0
LA,2015,31000.0,3620000.0
LA,2017,39000.0,5220000.0
LA,2005,14000.0,2742400.0
LA,2008,14000.0,2868200.0
LA,2011,48000.0,3170000.0
LA,2017,8700.0,1650000.0
LA,1996,6600.0,666258.0
LA,2002,6600.0,523628.0
LA,2006,6600.0,687850.0
LA,2009,16000.0,3344000.0
LA,2010,6600.0,480305.0
LA,2000,0.0,2800000.0
LA,2001,,843385.0
LA,2005,,627543.0
LA,2007,,1699835.0
LA,2009,,306412.0
LA,2019,,1434998.0
LA,1955,7280.0,1150000.0
LA,1957,23400.0,140000.0
LA,1962,7280.0,350000.0
LA,1966,0.0,550000.0
LA,1972,0.0,640000.0
LA,1985,36400.0,2870000.0
LA,1988,0.0,473000.0
LA,1991,0.0,1422000.0
LA,1994,0.0,310000.0
LA,2012,21120.0,250000.0
LA,2013,0.0,5200000.0
LA,2003,0.0,2154633.0
LA,1985,0.0,400000.0
LA,1996,0.0,100000.0
LA,2015,21120.0,11756600.0
LA,2001,,829000.0
LA,2004,,1438319.0
LA,2005,,1312276.0
LA,2007,,1195880.0
LA,2009,,1092782.0
LA,2017,,907828.0
LA,2020,,1200000.0
LA,2010,12400.0,1242500.0
LA,2013,13728.0,4500000.0
LA,1986,0.0,653975.0
LA,2001,,1830698.0
LA,2003,,388534.0
LA,2005,,1020330.0
LA,2006,,605005.0
LA,2007,,111515.0
LA,2008,,435311.0
LA,2009,,638628.0
LA,2012,,353342.0
LA,2014,,174636.0
LA,2015,,878946.0
LA,2014,9662.0,735340.0
LA,2012,12700.0,3393500.0
LA,2010,8400.0,780000.0
LA,2013,8400.0,2169600.0
LA,2016,14800.0,3300000.0
LA,1980,,1.0
LA,2004,5000.0,3600000.0
LA,2011,9800.0,4797000.0
LA,2000,21120.0,3000000.0
LA,2011,7920.0,2300000.0
LA,2018,23800.0,10439914.0
MA,1950,,148747.0
MA,1956,,85051.0
MA,1965,,53835.0
MA,1968,,4400.0
MA,1973,,30200.0
MA,1974,,50000.0
MA,2016,1478.4,48000.0
MA,2000,,7367.0
MA,2002,,9235.0
MA,2003,,17719.0
MA,2006,,23938.0
MA,2006,,23938.0
MA,2007,,13267.0
MA,2008,2376.0,771817.0
MA,2009,2376.0,91731.0
MA,2009,,4626.0
MA,2009,,8300.0
MA,2013,2376.0,72331.0
MA,2014,2376.0,106774.0
MA,2015,2376.0,102418.0
MA,2016,,8553.0
MA,1999,,25188.0
MA,2002,,11916.0
MA,2004,,4773.0
MA,2012,,17000.0
MA,2018,,6500.0
MA,2004,,1207.0
MA,2008,,1526.0
MA,2009,,1681.0
MA,2012,,2348.0
MA,2018,,9000.0
MA,2018,,4000.0
MA,2018,,5000.0
MA,2019,,8000.0
MA,1989,600.0,7000.0
MA,1991,1000.0,34850.0
MA,1992,600.0,4400.0
MA,1993,1000.0,35000.0
MA,1995,1200.0,120000.0
MA,1998,400.0,9300.0
MA,1998,600.0,9000.0
MA,1999,600.0,6000.0
MA,1999,600.0,9820.0
MA,2000,500.0,8400.0
MA,2000,600.0,9800.0
MA,2000,3704.0,4000.0
MA,2002,400.0,1683.0
MA,2002,600.0,8300.0
MA,2002,400.0,6941.0
MA,2003,1000.0,18700.0
MA,2004,1000.0,9922.0
MA,2005,600.0,8000.0
MA,2005,500.0,2100.0
MA,2007,500.0,6600.0
MA,2007,600.0,5000.0
MA,2008,600.0,7200.0
MA,2010,1400.0,14988.0
MA,2010,1000.0,4500.0
MA,2011,1700.0,15000.0
MA,2011,500.0,3022.0
MA,2012,500.0,4000.0
MA,2012,500.0,2000.0
MA,2013,1000.0,3500.0
MA,2015,300.0,930.0
MA,2015,500.0,9837.0
MA,2015,600.0,7500.0
MA,2017,1000.0,12912.0
MA,2017,,13402.0
MA,2018,800.0,10445.0
MA,2018,1000.0,14577.0
MA,2019,,10445.0
MA,2019,,14577.0
MA,2019,,16723.0
MA,2020,,120000.0
MA,2020,1500.0,27650.0
MA,2020,1000.0,6231.0
MA,2021,800.0,13000.0
MA,2021,1500.0,7000.0
MA,2021,600.0,10000.0
MA,2021,1000.0,15000.0
MA,2021,600.0,16600.0
MA,2021,400.0,8400.0
MA,2021,600.0,16600.0
MA,2022,1000.0,18346.0
MA,1956,0.0,12600.0
MA,1958,0.0,106000.0
MA,1959,0.0,10666.0
MA,1959,0.0,21331.0
MA,1959,0.0,77000.0
MA,1980,1600.0,53306.0
MA,1978,,15000.0
MA,2016,,47703.0
MA,2016,,6481.0
MA,2016,1056.0,47703.0
MA,1988,,27000.0
MA,1998,1056.0,7090.0
MA,2000,1056.0,20700.0
MA,2006,1056.0,4651.0
MA,2008,1056.0,5426.0
MA,2008,1056.0,9550.0
MA,2009,1056.0,6188.0
MA,2009,1056.0,23170.0
MA,2010,1056.0,7143.0
MA,2011,1056.0,7143.0
MA,2012,1056.0,7858.0
MA,2013,1056.0,5000.0
MA,2014,1056.0,6714.0
MA,2015,,14286.0
MA,2016,,8000.0
MA,2020,,14842.0
MA,1998,1056.0,11837.0
MA,2000,1056.0,13187.0
MA,2001,1056.0,12473.0
MA,2002,1056.0,13186.0
MA,2003,1056.0,13917.0
MA,2003,1056.0,24339.0
MA,2004,1056.0,13186.0
MA,2005,1056.0,12800.0
MA,2006,1056.0,11008.0
MA,2007,1056.0,11318.0
MA,2008,1056.0,11000.0
MA,2009,1056.0,11857.0
MA,2010,1056.0,11857.0
MA,2011,1056.0,11857.0
MA,2012,1056.0,12857.0
MA,2013,1056.0,11429.0
MA,2015,,22857.0
MA,2016,,10788.0
MA,2017,,8111.0
MA,2018,,5879.0
MA,2019,,10000.0
MA,2020,,14653.0
MA,1898,,5889.0
MA,1938,,50000.0
MA,1939,,15884.0
MA,1949,,31144.0
MA,1949,,74800.0
MA,1950,,77390.0
MA,1951,,71000.0
MA,1952,,17000.0
MA,1955,,46500.0
MA,1963,,15000.0
MA,1977,,16700.0
MA,1977,,5720.0
MA,1987,0.0,9000.0
MA,1987,,8500.0
MA,1955,0.0,10000.0
MA,1958,0.0,9000.0
MA,1968,0.0,33000.0
MA,1983,0.0,20000.0
MA,1985,2400.0,120000.0
MA,1990,7900.0,205000.0
MA,2000,2200.0,221000.0
MA,2000,,3704.0
MA,2000,,4385.0
MA,2000,,8325.0
MA,2001,,8474.0
MA,2001,,5632.0
MA,2006,,5415.0
MA,2006,,11112.0
MA,2010,,13065.0
MA,2013,,1000.0
MA,2013,,1000.0
MA,1992,,
MA,1994,17000.0,50450.0
MA,2003,,6600.0
MA,2005,,4956.0
MA,2019,3600.0,55000.0
MA,2022,400.0,2585.0
MA,2023,2750.0,60969.0
MA,2023,2000.0,501.0
MA,2009,3140.0,30000.0
MA,2011,15058.0,100000.0
MA,1990,7900.0,205000.0
MA,1977,,24000.0
MA,1980,,45000.0
MA,1983,,67000.0
MA,1987,0.0,36000.0
MA,1998,,20340.0
MA,1999,,36005.0
MA,2007,1000.0,8000.0
MA,2016,,6481.0
MA,2019,,45191.0
MA,2021,,4000.0
MA,1997,,26984.0
MA,1998,,4024.0
MA,1999,,2417.0
MA,1999,,3129.0
MA,2000,,7494.0
MA,2002,,10335.0
MA,2003,,10345.0
MA,2007,,6400.0
MA,2008,,6000.0
MA,2009,,8462.0
MA,2010,,8010.0
MA,2011,,10000.0
MA,2011,,6000.0
MA,2011,,4468.0
MA,2011,,6714.0
MA,2012,,4683.0
MA,2012,,4971.0
MA,2013,,8000.0
MA,2013,,9600.0
MA,2013,,6383.0
MA,2016,,7262.0
MA,2016,,5067.0
MA,2017,,12000.0
MA,2018,,8358.0
MA,2018,,6739.0
MA,2019,,4500.0
MA,2019,,7500.0
MA,2020,,6074.0
MA,1998,,124253.0
MA,1999,,141000.0
MA,1999,,37000.0
MA,1999,,53000.0
MA,1989,2800.0,90000.0
MA,1999,2400.0,60000.0
MA,1954,2600.0,172000.0
MA,1995,350.0,4500.0
MA,1999,,2360.0
MA,2000,,3461.0
MA,2000,,1131.0
MA,2001,,2836.0
MA,2001,,1352.0
MA,2002,,1187.0
MA,2002,,1271.0
MA,2003,,1342.0
MA,2003,,1000.0
MA,2004,,1150.0
MA,2004,,5700.0
MA,2005,,4914.0
MA,2006,,2400.0
MA,2008,1900.0,20000.0
MA,2008,,1485.0
MA,2008,,2203.0
MA,2009,,20000.0
MA,2009,,2788.0
MA,2011,,1429.0
MA,2012,,2485.0
MA,2013,,3116.0
MA,2019,,4000.0
MA,2020,,4622.0
MA,1988,0.0,40000.0
MA,1997,,10000.0
MA,2018,,1000.0
MA,1967,2500.0,160000.0
MA,1973,4488.0,98090.0
MA,1996,,6200.0
MA,1998,,33362.0
MA,2001,,13545.0
MA,2002,,12364.0
MA,2005,,6907.0
MA,2006,,15239.0
MA,2009,,11000.0
MA,2011,,11000.0
MA,2012,,14510.0
MA,2015,5121.6,6800.0
MA,2020,,9345.0
MA,1996,0.0,10600.0
MA,2010,0.0,170000.0
MA,2011,,143500.0
MA,1963,1300.0,
MA,1988,0.0,40000.0
MA,1936,4000.0,21000.0
MA,1959,4000.0,140000.0
MA,1986,,25170.0
MA,1987,4000.0,4000.0
MA,1989,,55600.0
MA,1997,4000.0,4000.0
MA,1997,4000.0,4000.0
MA,1997,4000.0,2969.0
MA,1998,4000.0,3488.0
MA,1999,4000.0,4000.0
MA,1999,4000.0,4000.0
MA,2000,4000.0,4000.0
MA,2001,4000.0,4000.0
MA,2001,4000.0,4000.0
MA,2002,4000.0,4000.0
MA,2004,4000.0,4000.0
MA,2005,,5474.0
MA,2005,,3500.0
MA,2006,,6134.0
MA,2007,,5000.0
MA,2008,,5000.0
MA,2009,,4815.0
MA,2010,,5000.0
MA,2011,,10000.0
MA,2011,,5000.0
MA,2012,,5000.0
MA,2012,,1300.0
MA,2013,,5000.0
MA,2013,,4000.0
MA,2014,,6918.0
MA,2014,4000.0,60000.0
MA,2015,,13300.0
MA,2015,,10500.0
MA,2016,,9000.0
MA,2016,,9000.0
MA,2017,,7000.0
MA,2017,,15000.0
MA,2017,,4200.0
MA,2018,,5225.0
MA,2019,,5000.0
MA,2020,,3471.0
MA,2001,,13422.0
MA,2019,,4000.0
MA,1948,0.0,6400.0
MA,1959,8500.0,357000.0
MA,1996,8500.8,44200.0
MA,1954,,522000.0
MA,1991,13000.0,670000.0
MA,1992,15840.0,768000.0
MA,2007,,9235.0
MA,2021,,4000.0
MA,1953,2300.0,100000.0
MA,1957,1500.0,36000.0
MA,1994,,
MA,2007,,
MA,2010,0.0,43000.0
MA,2002,1000.0,8000.0
MA,2019,,26200.0
MA,2020,,31870.0
MA,1965,1255.0,
MA,1982,950.0,
MA,1982,1240.0,
MA,1988,1100.0,
MA,1996,,10600.0
MA,1998,400.0,
MA,2006,,22670.0
MA,2007,,3000.0
MA,1997,2000.0,200000.0
MA,2012,2000.0,10000.0
MA,2013,2000.0,10000.0
MA,2019,,18260.0
MA,1990,2534.4,45000.0
MA,2004,2534.4,55000.0
MA,2016,2534.4,150000.0
MA,2018,,1000.0
MA,1971,,17800.0
MA,2001,,42520.0
MA,1959,2600.0,
MA,1997,,23300.0
MA,1998,,14399.0
MA,1998,,14482.0
MA,1999,,13474.0
MA,2000,,12838.0
MA,2000,,9263.0
MA,2001,,5486.0
MA,2001,,2559.0
MA,2005,,7495.0
MA,2006,,2700.0
MA,2009,0.0,30000.0
MA,2010,,20900.0
MA,2012,,14993.0
MA,2015,,8181.0
MA,2017,,23077.0
MA,2018,,6500.0
MA,2019,,9000.0
MA,2019,,4500.0
MA,2007,1000.0,15533.0
MA,1956,,
MA,1959,4250.0,245000.0
MA,2014,3680.0,500000.0
MA,1999,,5935.0
MA,2000,,4324.0
MA,2001,,4322.0
MA,2001,,5486.0
MA,2002,,5744.0
MA,2002,,3250.0
MA,2003,,4195.0
MA,2004,,7406.0
MA,2004,,3500.0
MA,2008,,4000.0
MA,2010,,7571.0
MA,2012,,9286.0
MA,2012,,6896.0
MA,2013,,5293.0
MA,2013,,4900.0
MA,2015,,7000.0
MA,2015,,7600.0
MA,2017,,3458.0
MA,2019,,6000.0
MD,1998,8395.0,133849.0
MD,2002,10000.0,95000.0
MD,2002,31168.0,1800407.0
MD,2016,10000.0,33960.0
MD,1963,42240.0,1050000.0
MD,1988,36960.0,2700000.0
MD,1990,36960.0,49087.0
MD,1992,36960.0,1221388.0
MD,1994,36960.0,1300000.0
MD,1995,43824.0,62116.0
MD,1997,43824.0,24938.0
MD,1998,36960.0,1289845.0
MD,1999,43824.0,31265.0
MD,2002,36960.0,744826.0
MD,2006,43824.0,931711.0
MD,2009,43824.0,21331.0
MD,2010,43824.0,909069.0
MD,2014,0.0,850000.0
MD,2021,43824.0,1300000.0
ME,1969,2112.0,73130.0
ME,1969,2112.0,87354.0
ME,1978,2112.0,50000.0
ME,1978,2112.0,80000.0
ME,1982,2112.0,7300.0
ME,1992,2112.0,85935.0
ME,1996,2112.0,90000.0
ME,1985,0.0,26000.0
ME,1956,0.0,128099.0
ME,2005,4224.0,82048.0
ME,2014,4224.0,16078.0
ME,2015,4224.0,91543.0
ME,2000,12566.4,146700.0
ME,2014,12566.4,99351.0
MI,1979,2500.0,6880.0
MI,1980,2600.0,10876.0
MI,1981,2600.0,11853.0
MI,1982,2400.0,12910.0
MI,1983,2600.0,7920.0
MI,1984,800.0,10770.0
MI,1985,800.0,6919.0
MI,1986,500.0,7102.0
MI,1986,500.0,7102.0
MI,1987,800.0,11572.0
MI,1988,2800.0,6573.0
MI,1989,700.0,5224.0
MI,1990,700.0,2414.0
MI,1991,3100.0,2888.0
MI,1992,700.0,3703.0
MI,1993,400.0,4384.0
MI,1994,700.0,3500.0
MI,1995,1000.0,3896.0
MI,1996,800.0,4493.0
MI,1997,800.0,4230.0
MI,1998,800.0,5500.0
MI,1999,800.0,4297.0
MI,2000,800.0,4201.0
MI,2001,1000.0,3732.0
MI,2002,700.0,4108.0
MI,2003,700.0,3762.0
MI,2004,800.0,2919.0
MI,2005,800.0,3980.0
MI,2006,800.0,3802.0
MI,2007,800.0,2898.0
MI,2008,1800.0,6308.0
MI,2009,1800.0,7789.0
MI,2010,2000.0,4942.0
MI,1991,3000.0,40605.0
MI,2008,3000.0,12429.0
MI,2010,3000.0,31000.0
MI,1987,1700.0,23898.0
MI,1991,1700.0,9786.0
MI,1995,1500.0,9977.0
MI,2000,1500.0,13936.0
MI,2008,3200.0,22618.0
MI,2013,3200.0,10115.0
MI,1988,800.0,8140.0
MI,1992,800.0,5073.0
MI,1995,800.0,5208.0
MI,2001,800.0,6905.0
MI,1995,3350.0,17655.0
MI,2000,3350.0,18174.0
MI,2005,3350.0,15644.0
MI,2009,3350.0,19358.0
MI,2013,,25615.0
MI,1993,,11665.0
MI,1994,,24777.0
MI,2004,,15105.0
MI,2009,,30440.0
MI,1990,1000.0,16221.0
MI,1991,1000.0,23300.0
MI,1992,2000.0,57018.0
MI,1993,1500.0,19021.0
MI,1994,2000.0,21202.0
MI,1995,1500.0,23858.0
MI,1996,1000.0,30691.0
MI,1997,1000.0,46229.0
MI,1999,2000.0,42402.0
MI,2000,1000.0,28927.0
MI,2001,1000.0,27063.0
MI,2002,1000.0,26692.0
MI,2003,1000.0,11943.0
MI,2004,1000.0,26654.0
MI,2005,,35888.0
MI,2006,1000.0,61740.0
MI,2007,1000.0,42849.0
MI,2008,2000.0,39165.0
MI,2009,1200.0,71466.0
MI,2010,2000.0,12108.0
MI,2011,2000.0,14000.0
MI,2012,2000.0,30336.0
MI,2014,2000.0,75244.0
MI,2015,1000.0,25545.0
MI,2017,2000.0,35000.0
MI,2018,,102500.0
MI,2020,,50000.0
MI,1991,,8791.0
MI,1995,,9248.0
MI,1999,,11673.0
MI,2003,,15298.0
MI,2009,,15786.0
MI,1993,,13578.0
MI,1990,,20777.0
MI,1991,,20738.0
MI,1992,,28120.0
MI,1993,,26732.0
MI,1994,,17849.0
MI,1995,,18367.0
MI,1996,,21765.0
MI,1997,,23960.0
MI,1998,,23623.0
MI,1999,,17661.0
MI,2000,,18311.0
MI,2001,,20968.0
MI,2002,,22137.0
MI,2003,,21500.0
MI,2004,,27058.0
MI,2005,,44474.0
MI,2006,,51672.0
MI,2007,,38728.0
MI,2008,,41000.0
MI,2009,,41141.0
MI,2010,,17593.0
MI,2011,,25710.0
MI,2012,,53000.0
MI,2013,,39712.0
MI,2014,,34842.0
MI,2015,,60266.0
MI,2016,,66000.0
MI,2017,,34000.0
MI,1994,,5005.0
MI,2013,,11277.0
MI,1990,,17358.0
MI,1991,,18849.0
MI,1992,,19409.0
MI,1993,,9786.0
MI,1994,,9441.0
MI,1995,,13803.0
MI,1996,,17987.0
MI,1997,,9714.0
MI,1998,,12939.0
MI,1999,,14967.0
MI,2000,,24962.0
MI,2001,,17220.0
MI,2002,,16268.0
MI,2003,,15882.0
MI,2004,,17479.0
MI,2005,,19948.0
MI,2006,,20465.0
MI,2007,,9025.0
MI,2008,,8048.0
MI,2009,,13318.0
MI,2010,,20782.0
MI,2014,,15391.0
MI,1991,,22050.0
MI,1996,,28606.0
MI,2000,,22910.0
MI,2003,,20350.0
MI,2008,,18759.0
MI,2010,,14343.0
MI,2013,,26334.0
MI,1990,,30071.0
MI,1991,,24402.0
MI,1992,,15997.0
MI,1993,,42197.0
MI,1994,,31000.0
MI,1995,,18374.0
MI,1997,,69745.0
MI,1999,,30930.0
MI,2001,,31000.0
MI,2003,,78070.0
MI,2004,,38505.0
MI,2008,,29085.0
MI,2010,,48484.0
MI,2013,,138395.0
MI,1991,,51836.0
MI,1993,,74496.0
MI,1995,,60000.0
MI,1998,,69485.0
MI,2006,,84003.0
MI,2009,,4420.0
MI,2011,,34705.0
MI,2016,,21510.0
MI,2019,,44500.0
MI,1992,,15895.0
MI,1993,,8996.0
MI,1994,,12596.0
MI,1998,,8097.0
MI,2001,,11931.0
MI,2004,,8492.0
MI,2008,,14920.0
MI,2009,,75765.0
MI,2012,,86616.0
MI,2013,,63000.0
MI,2016,,40524.0
MI,1991,,72698.0
MI,1993,,33127.0
MI,1996,,65000.0
MI,1999,,85107.0
MI,2002,,129407.0
MI,2004,,93573.0
MI,2008,,53795.0
MI,2011,,55798.0
MI,2013,,91264.0
MI,2015,,53002.0
MI,2016,,141199.0
MI,1990,,57054.0
MI,1992,,143384.0
MI,1994,,60000.0
MI,1999,,18596.0
MI,2001,,4157.0
MI,2005,,11107.0
MI,2008,,6000.0
MI,2010,,13075.0
MI,2013,,9720.0
MI,1995,,23469.0
MI,1996,,34423.0
MI,2001,,27700.0
MI,2006,,38211.0
MI,2011,,52382.0
MI,1990,,57942.0
MI,1991,,17119.0
MI,1992,,30676.0
MI,1993,,62726.0
MI,1994,,27115.0
MI,1995,,27025.0
MI,1996,,125091.0
MI,1997,,56284.0
MI,1998,,10217.0
MI,1999,,39842.0
MI,2000,,13265.0
MI,2001,,19917.0
MI,2002,,119388.0
MI,2003,,71755.0
MI,2004,,64109.0
MI,2005,,36758.0
MI,2006,,33753.0
MI,2007,,36128.0
MI,2008,,41133.0
MI,2009,,62802.0
MI,2010,,16263.0
MI,2016,,41667.0
MI,1990,,14209.0
MI,1991,,23204.0
MI,1992,,24000.0
MI,1993,,7941.0
MI,1994,,11062.0
MI,1995,,15406.0
MI,1996,,16131.0
MI,1997,,10598.0
MI,1998,,16453.0
MI,1999,,12562.0
MI,2000,,13939.0
MI,2001,,16936.0
MI,2002,,11088.0
MI,2003,,4216.0
MI,2004,,17390.0
MI,2005,,14285.0
MI,2006,,7791.0
MI,2008,,11453.0
MI,2009,,17868.0
MI,1991,,10571.0
MI,1996,,19817.0
MI,2001,,19917.0
MI,2003,,16513.0
MI,2008,,14967.0
MI,2010,,18397.0
MI,1993,,28695.0
MI,1997,,28438.0
MI,2002,,27042.0
MI,2008,,33182.0
MI,2010,,15372.0
MI,1993,,11461.0
MI,1997,,25612.0
MI,2000,,21101.0
MI,2001,,48698.0
MI,2004,,26192.0
MI,2008,,33902.0
MI,2010,,14007.0
MI,2013,,22000.0
MI,1994,,22247.0
MI,2000,,7014.0
MI,2002,,22011.0
MI,2008,,37434.0
MI,2013,,27626.0
MI,1990,,58314.0
MI,1991,,52513.0
MI,1992,,33644.0
MI,1993,,2360.0
MI,1994,,31469.0
MI,1995,,33335.0
MI,1996,,24918.0
MI,1997,,35042.0
MI,1998,,24285.0
MI,1999,,22482.0
MI,2000,,39472.0
MI,2001,,22482.0
MI,2001,,29498.0
MI,2002,,27117.0
MI,2003,,10440.0
MI,2004,,35774.0
MI,2005,,48089.0
MI,2006,,52120.0
MI,2007,,35565.0
MI,2009,,120093.0
MI,2010,,64433.0
MI,2011,,61739.0
MI,2012,,54382.0
MI,2012,,6329.0
MI,2013,,40855.0
MI,2014,,53843.0
MI,2015,,58531.0
MI,2016,,26974.0
MI,2019,,37000.0
MI,1991,,38000.0
MI,1995,,37742.0
MI,2001,,6083.0
MI,2008,,11393.0
MI,2010,,9262.0
MI,1990,,15106.0
MI,2000,,16336.0
MI,2008,,17081.0
MI,2010,,9847.0
MS,2017,15840.0,2100000.0
MS,1994,16404.0,810000.0
MS,1994,10400.0,600000.0
MS,1952,135200.0,5700000.0
MS,1964,0.0,200000.0
MS,1973,135200.0,1923443.0
MS,1985,0.0,1020000.0
MS,1985,0.0,1021427.0
MS,1988,0.0,1500000.0
MS,2001,123031.0,1200000.0
MS,2017,,200000.0
MS,1974,0.0,500000.0
MS,1980,0.0,100000.0
MS,1984,0.0,210000.0
MS,1991,676.0,58000.0
MS,1996,0.0,55000.0
MS,2012,0.0,565000.0
MS,2018,25000.0,9942516.0
NC,1986,39129.0,4168600.0
NC,1994,10818.0,2472132.0
NC,2005,19434.0,2390000.0
NC,2011,16625.0,799504.0
NC,2014,4500.0,522518.0
NC,2017,9000.0,621000.0
NC,2017,9000.0,621000.0
NC,2020,14900.0,522000.0
NC,2021,,1114000.0
NC,1991,11400.0,350000.0
NC,1996,13000.0,650000.0
NC,1997,10400.0,455789.0
NC,2001,16390.0,1849000.0
NC,2005,8400.0,1217500.0
NC,2006,1800.0,47800.0
NC,2007,10700.0,978500.0
NC,2010,17400.0,1850000.0
NC,2012,1380.0,137990.0
NC,2013,12500.0,1658500.0
NC,2015,11250.0,1330728.0
NC,2017,6000.0,50000.0
NC,2019,8900.0,1100000.0
NC,2021,15000.0,1610000.0
NC,2023,11000.0,1134000.0
NC,2019,15500.0,2607631.0
NC,2022,17000.0,1200000.0
NC,1966,0.0,312000.0
NC,1972,0.0,200000.0
NC,1973,7920.0,1300000.0
NC,2006,2600.0,75700.0
NC,1955,2534.4,252000.0
NC,1956,2006.4,200000.0
NC,1965,10032.0,3597362.0
NC,1967,4224.0,389959.0
NC,1968,950.4,97000.0
NC,1970,6019.2,282423.0
NC,1971,11600.0,734140.0
NC,1972,182.0,18816.0
NC,1973,316.8,30547.0
NC,1974,686.4,66687.0
NC,1975,422.4,40804.0
NC,1976,1214.4,119971.0
NC,1977,633.6,62066.0
NC,1979,2323.2,230866.0
NC,1980,369.6,38075.0
NC,1981,1108.8,109176.0
NC,1981,6019.2,406352.0
NC,1982,14256.0,3662181.0
NC,1983,1214.4,119244.0
NC,1985,6000.0,764162.0
NC,1985,264.0,28267.0
NC,1988,5702.4,950913.0
NC,1989,1003.2,98843.0
NC,1991,11616.0,1008736.0
NC,1995,11616.0,1157742.0
NC,1998,18000.0,3300000.0
NC,1998,12038.4,1204646.0
NC,2001,5649.6,567345.0
NC,2004,8025.6,800400.0
NC,2007,5280.0,632143.0
NC,2008,1161.6,115269.0
NC,2010,1478.4,146616.0
NC,2010,7814.4,689600.0
NC,2011,422.4,40739.0
NC,2012,528.0,54530.0
NC,2013,9979.2,989200.0
NC,2013,950.4,96228.0
NC,2016,10000.0,890000.0
NC,2017,540.0,54000.0
NC,2019,14000.0,1062000.0
NC,2022,,947000.0
NC,2001,2000.0,673000.0
NC,2009,3500.0,728400.0
NC,2018,4000.0,163345.0
NC,2018,2645.0,639300.0
NC,2017,8448.0,1260000.0
NC,2023,8448.0,578600.0
NC,1990,4000.0,101653.0
NC,2008,1234.0,123382.0
NC,2010,1016.0,101576.0
NC,2012,792.0,79218.0
NC,1984,2000.0,15000.0
NC,1987,2000.0,30000.0
NC,1990,2000.0,56000.0
NC,1993,2000.0,17000.0
NC,1995,2000.0,33000.0
NC,1996,2000.0,71000.0
NC,1997,2000.0,39000.0
NC,1999,2000.0,48000.0
NC,2000,2000.0,16000.0
NC,2003,31111.0,1867726.0
NC,2003,2000.0,59000.0
NC,2004,12500.0,156000.0
NC,2005,24900.0,690868.0
NC,2006,2000.0,77000.0
NC,2007,27700.0,648447.0
NC,2010,2000.0,74000.0
NC,2013,22000.0,649790.0
NC,2014,2000.0,50000.0
NC,2019,16400.0,624945.0
NC,2020,9300.0,345000.0
NC,2021,47800.0,2031500.0
NC,1977,105.6,13000.0
NC,1979,1795.2,181949.0
NC,1983,2006.4,90000.0
NC,1985,2006.4,120000.0
NC,1985,2006.4,46300.0
NC,1986,2000.0,250000.0
NC,1992,9715.2,550000.0
NC,1993,3009.6,275000.0
NC,1997,2481.6,250000.0
NC,1998,9715.2,550000.0
NC,1999,8976.0,400000.0
NC,2002,5016.0,500572.0
NC,2003,897.6,90000.0
NC,2005,1848.0,183000.0
NC,2005,2587.2,261235.0
NC,2006,1795.2,179175.0
NC,2006,1478.4,148969.0
NC,2008,3168.0,314943.0
NC,2008,475.2,47946.0
NC,2009,2745.6,275000.0
NC,2009,3432.0,295000.0
NC,2011,2745.6,275000.0
NC,2011,3432.0,344832.0
NC,2013,3168.0,317100.0
NC,2013,633.6,65000.0
NC,2016,,500635.0
NC,2019,10000.0,32000.0
NC,2020,,409933.0
NC,1958,1000.0,100000.0
NC,1961,7656.0,765600.0
NC,1965,928.0,92800.0
NC,1969,1050.0,105000.0
NC,1973,5043.0,504266.0
NC,1978,11797.0,1179600.0
NC,1994,7700.0,2192268.0
NC,2002,2093.0,209348.0
NC,2005,5240.0,530729.0
NC,2007,2000.0,184828.0
NC,2011,13700.0,547196.0
NC,2014,5000.0,585067.0
NC,2015,2400.0,150000.0
NC,1974,1353.0,135293.0
NC,1977,970.0,97029.0
NC,1984,300.0,29972.0
NC,1986,901.0,90114.0
NC,1988,746.0,74646.0
NC,1992,181.0,18147.0
NC,2003,1362.24,442600.0
NC,1971,1088.0,108802.0
NC,1973,1086.0,108627.0
NC,1974,928.0,92774.0
NC,1975,623.0,62303.0
NC,1977,761.0,76149.0
NC,1981,243.0,24320.0
NC,1984,769.0,76867.0
NC,1986,950.4,54830.0
NC,1986,959.0,95927.0
NC,1987,1740.0,173963.0
NC,1998,3600.0,444699.0
NC,2001,11100.0,501400.0
NC,2002,1000.0,34540.0
NC,2002,6600.0,141700.0
NC,2003,8500.0,30000.0
NC,2004,2500.0,113230.0
NC,2004,4500.0,123000.0
NC,2006,3000.0,45200.0
NC,2006,2500.0,62853.0
NC,2008,6000.0,201000.0
NC,2009,10000.0,190000.0
NC,2009,2000.0,163798.0
NC,2010,3500.0,155289.0
NC,2011,2000.0,56251.0
NC,2012,1000.0,15493.0
NC,2014,2300.0,95000.0
NC,2014,3200.0,90856.0
NC,2017,21200.0,1310000.0
NC,2017,2500.0,120000.0
NC,2020,3800.0,145000.0
NC,2002,9822.0,456994.0
NC,2004,13400.0,630094.0
NC,2007,13400.0,319113.0
NC,2019,11175.0,350702.0
NC,2020,3800.0,145000.0
NC,2004,369.6,38016.0
NC,2017,13728.0,840000.0
NC,2022,13728.0,565600.0
NC,2004,1425.6,143000.0
NC,2017,19008.0,1800000.0
NC,2022,19008.0,871400.0
NC,1997,18004.8,3384854.0
NC,2001,18000.0,1034458.0
NC,2004,6019.2,278161.0
NC,2007,4224.0,262790.0
NC,2010,8184.0,446967.0
NC,2013,16526.4,557702.0
NC,2016,0.0,655000.0
NC,2019,14500.0,818000.0
NC,1986,5016.0,1098928.0
NC,1994,2376.0,362009.0
NC,1998,5491.2,555654.0
NC,2002,6019.2,518826.0
NC,2006,4012.8,120000.0
NC,2010,8500.8,579269.0
NC,2020,,
NC,2021,,
NC,2022,,
NC,2001,1003.2,100000.0
NC,2002,1003.2,100000.0
NC,2004,15567.0,56666.0
NC,2005,26890.0,254400.0
NC,2011,52800.0,4600000.0
NC,2019,52800.0,4000000.0
NC,2022,23500.0,614106.0
NC,1997,7700.0,92014.0
NC,2000,7700.0,15833.0
NC,2001,7700.0,17507.0
NC,2002,2798.0,280000.0
NC,2004,770.0,77004.0
NC,2006,1005.0,100530.0
NC,2008,854.0,85402.0
NC,2010,1814.0,181356.0
NC,2011,547.0,54722.0
NC,2013,7700.0,566000.0
NC,2015,18480.0,1250000.0
NC,2016,,120000.0
NC,1986,1300.0,130000.0
NC,1989,1048.0,104803.0
NC,1993,1601.0,160091.0
NC,2001,17300.0,509000.0
NC,2001,12100.0,2650000.0
NC,2001,25050.0,1270000.0
NC,2009,192.0,19220.0
NC,2009,14000.0,336000.0
NC,2015,2914.0,227315.0
NC,2018,23100.0,143646.0
NC,2018,16653.0,1772041.0
NC,2019,2400.0,121300.0
NC,2021,16800.0,730000.0
NC,2021,2400.0,193000.0
NC,1974,828.0,82831.0
NC,1976,309.0,30925.0
NC,1980,373.0,37325.0
NC,1983,549.0,54905.0
NC,1984,389.0,38880.0
NC,1986,306.0,30630.0
NC,1989,486.0,48614.0
NC,2001,17100.0,1866159.0
NC,2006,6200.0,449367.0
NC,2006,800.0,48000.0
NC,2007,2000.0,155000.0
NC,2009,1500.0,144907.0
NC,2010,658.0,65840.0
NC,2010,11500.0,509200.0
NC,2011,481.0,48083.0
NC,2012,420.0,41961.0
NC,2014,598.0,59751.0
NC,2014,8000.0,767412.0
NC,2018,4900.0,369400.0
NC,2021,,49782.0
NC,2022,17160.0,753028.0
NC,1986,1678.0,167755.0
NC,1988,908.0,90773.0
NC,1989,1132.0,113229.0
NC,1992,1000.0,100000.0
NC,1995,422.4,44305.0
NC,1990,2000.0,254955.0
NC,1991,2500.0,282600.0
NC,1992,4000.0,184300.0
NC,1992,5400.0,1078000.0
NC,1993,2500.0,433235.0
NC,1995,2000.0,250000.0
NC,1996,2692.8,271004.0
NC,1997,2692.8,271703.0
NC,1998,2587.2,260183.0
NC,1999,3273.6,328919.0
NC,2000,4171.2,419305.0
NC,2001,5121.6,513706.0
NC,2002,7075.2,732852.0
NC,2003,12196.8,1029543.0
NC,2004,5016.0,616448.0
NC,2005,1742.4,172155.0
NC,2008,7920.0,791829.0
NC,2009,12513.6,1186144.0
NC,2013,5808.0,580925.0
NC,2002,25475.0,1276586.0
NC,2004,2200.0,69189.0
NC,2007,21900.0,507939.0
NC,2007,13600.0,262276.0
NC,2008,650.0,148393.0
NC,2013,13200.0,315221.0
NC,2020,24400.0,990000.0
NC,2014,10718.4,1618083.0
NC,2017,1500.0,80510.0
NC,2023,20100.0,1048500.0
NC,2020,32641.0,317613.0
NC,1982,517.0,51715.0
NC,1988,1510.0,151017.0
NC,1992,755.0,75519.0
NC,1993,802.0,80162.0
NC,1995,389.0,38883.0
NC,2005,580.8,58000.0
NC,2007,4000.0,160000.0
NC,2011,686.0,68564.0
NC,2011,25000.0,979000.0
NC,2012,6700.0,184078.0
NC,2013,1162.0,117404.0
NC,2015,24000.0,835123.0
NC,2015,2400.0,835123.0
NC,2019,7000.0,102000.0
NC,1939,13728.0,700000.0
NC,1955,369.6,38000.0
NC,1956,369.6,35000.0
NC,1957,3062.4,304000.0
NC,1959,7920.0,100000.0
NC,1965,13992.0,2993100.0
NC,1966,12000.0,362108.0
NC,1970,8000.0,1436533.0
NC,1980,8000.0,540715.0
NC,1980,369.6,36108.0
NC,1981,8000.0,1249699.0
NC,1982,1267.2,124533.0
NC,1983,950.4,93755.0
NC,1985,211.2,19399.0
NC,1986,6864.0,898593.0
NC,1987,739.2,76556.0
NC,1989,950.4,96771.0
NC,1991,6864.0,1016684.0
NC,1994,6400.0,619031.0
NC,1998,9979.2,1116573.0
NC,2002,3168.0,319428.0
NC,2002,9081.6,1302517.0
NC,2005,105.6,10000.0
NC,2006,8500.8,642199.0
NC,2010,6916.8,450000.0
NC,2014,8500.8,756164.0
NC,2018,14000.0,1940974.0
NH,1935,6441.6,1000000.0
NH,1955,6441.6,400000.0
NH,1965,6441.6,169000.0
NH,1973,6441.6,70000.0
NH,1987,0.0,21000.0
NH,2005,6441.6,86024.0
NH,2013,,167947.0
NH,2020,,150000.0
NH,1963,792.0,200000.0
NH,1972,792.0,10000.0
NJ,1947,0.0,150000.0
NJ,1949,0.0,16000.0
NJ,1950,0.0,22000.0
NJ,1958,0.0,250000.0
NJ,1960,0.0,250000.0
NJ,1971,0.0,120000.0
NJ,1982,0.0,136000.0
NJ,1998,31152.0,4739530.0
NJ,1998,42240.0,285280.0
NJ,2003,0.0,20000.0
NJ,2014,47520.0,1200000.0
NJ,1936,0.0,191447.0
NJ,1936,0.0,792000.0
NJ,1937,0.0,900000.0
NJ,1938,0.0,500000.0
NJ,1942,0.0,1362000.0
NJ,1948,5808.0,1073684.0
NJ,1948,0.0,483000.0
NJ,1956,0.0,22000.0
NJ,1963,3696.0,580000.0
NJ,1966,0.0,125000.0
NJ,1970,4752.0,830000.0
NJ,1979,0.0,48158.0
NJ,1983,0.0,32000.0
NJ,1983,0.0,43000.0
NJ,1986,0.0,1000000.0
NJ,1997,0.0,450000.0
NJ,2004,42768.0,4954383.0
NJ,2011,42768.0,1175000.0
NJ,2012,,1329923.0
NJ,2013,,1321416.0
NJ,2018,,3493599.0
NJ,1994,0.0,24000.0
NJ,1999,0.0,40000.0
NJ,2002,0.0,22000.0
NJ,1962,0.0,90600.0
NJ,1987,6000.0,1305000.0
NJ,1990,2500.0,404000.0
NJ,1992,3000.0,410000.0
NJ,1993,2800.0,239000.0
NJ,2001,0.0,306000.0
NJ,2003,22704.0,4090000.0
NJ,2009,,175000.0
NJ,2011,0.0,1030000.0
NJ,2013,,1010583.0
NJ,2017,,1636685.0
NJ,1962,0.0,405000.0
NJ,1963,0.0,70000.0
NJ,1963,0.0,260000.0
NJ,1954,0.0,195000.0
NJ,1972,0.0,700000.0
NJ,1959,0.0,2000.0
NJ,1967,0.0,45000.0
NJ,1969,0.0,93600.0
NJ,1970,0.0,55000.0
NJ,1970,0.0,26026.0
NJ,1972,0.0,40000.0
NJ,1975,0.0,20000.0
NJ,1994,1180.0,70000.0
NJ,1958,0.0,250000.0
NJ,1960,0.0,250000.0
NJ,1956,0.0,115000.0
NJ,1961,0.0,72498.0
NJ,1962,0.0,204000.0
NJ,1962,0.0,216619.0
NJ,2012,1.0,1198519.0
NJ,1963,17952.0,392500.0
NJ,1996,9504.0,1200000.0
NJ,1999,9504.0,999827.0
NJ,2001,0.0,615000.0
NJ,2006,9504.0,750000.0
NJ,2011,,172830.0
NJ,2013,,926836.0
NJ,2014,9504.0,2000000.0
NJ,2018,,754090.0
NJ,1962,8448.0,156656.0
NJ,1967,0.0,2500.0
NJ,1967,0.0,15000.0
NJ,1967,0.0,300000.0
NJ,1969,0.0,61000.0
NJ,1969,0.0,253851.0
NJ,1981,0.0,36000.0
NJ,1986,0.0,15000.0
NJ,1986,0.0,87000.0
NJ,1989,3600.0,465000.0
NJ,1991,8000.0,1365000.0
NJ,1992,0.0,42000.0
NJ,1992,0.0,200000.0
NJ,1992,18500.0,500000.0
NJ,1993,18500.0,298205.0
NJ,1995,4800.0,330683.0
NJ,1997,18500.0,350000.0
NJ,1999,18500.0,400000.0
NJ,2001,18500.0,30000.0
NJ,2003,18500.0,267000.0
NJ,2004,18500.0,290000.0
NJ,2005,18500.0,1075000.0
NJ,2006,18500.0,182000.0
NJ,2007,,190000.0
NJ,2009,,233650.0
NJ,2009,18500.0,70000.0
NJ,2011,18500.0,360000.0
NJ,2012,,635000.0
NJ,2013,,345000.0
NJ,2014,,585000.0
NJ,2017,,648000.0
NJ,2017,,304000.0
NJ,2019,,340000.0
NJ,1953,0.0,6153000.0
NJ,1956,0.0,583000.0
NJ,1954,0.0,114693.0
NJ,1958,0.0,149000.0
NJ,1961,0.0,58000.0
NJ,1961,0.0,60000.0
NJ,1962,19008.0,715000.0
NJ,1962,0.0,235252.0
NJ,1962,0.0,353046.0
NJ,1962,0.0,355000.0
NJ,1966,0.0,72870.0
NJ,1967,0.0,35000.0
NJ,1979,0.0,1000000.0
NJ,1990,0.0,27300.0
NJ,1992,0.0,110000.0
NJ,1994,0.0,660000.0
NJ,1995,0.0,525000.0
NJ,2006,,20000.0
NJ,2010,1.0,2991805.0
NJ,2016,,1.0
NJ,2018,,1.0
NJ,1940,0.0,11000.0
NJ,1954,0.0,58502.0
NJ,1954,0.0,307000.0
NJ,1966,0.0,10000.0
NJ,1967,0.0,70000.0
NJ,1967,0.0,450000.0
NJ,1983,1000.0,181564.0
NJ,1985,1000.0,103000.0
NJ,1988,0.0,36000.0
NJ,1995,0.0,18000.0
NJ,1997,0.0,75000.0
NJ,2000,0.0,1000.0
NJ,2014,13200.0,1136000.0
NJ,1957,0.0,438000.0
NJ,1982,0.0,67000.0
NJ,1993,0.0,39000.0
NJ,1953,0.0,200000.0
NJ,1962,0.0,320631.0
NJ,1963,0.0,190000.0
NJ,1957,0.0,100000.0
NJ,1955,0.0,200000.0
NJ,1956,0.0,115000.0
NJ,1958,0.0,75000.0
NJ,1962,0.0,46000.0
NJ,1962,0.0,60000.0
NJ,1962,0.0,79348.0
NJ,1962,0.0,92371.0
NJ,1962,0.0,375000.0
NJ,1963,0.0,75000.0
NJ,1963,0.0,729664.0
NJ,1979,14784.0,1000000.0
NJ,1991,0.0,75000.0
NJ,1992,0.0,183000.0
NJ,2016,68640.0,10111917.0
NJ,2016,,300000.0
NJ,2018,28670.0,2321312.0
NJ,1943,0.0,15000.0
NJ,1945,0.0,18732.0
NJ,1948,0.0,600000.0
NJ,1962,0.0,25000.0
NJ,1963,0.0,27100.0
NJ,1999,1.0,1.0
NJ,2014,0.0,3300000.0
NJ,2020,,1.0
NJ,1990,0.0,250000.0
NJ,2019,73920.0,10000000.0
NJ,1952,9504.0,2550000.0
NJ,1959,0.0,1618000.0
NJ,1961,0.0,1615668.0
NJ,1962,0.0,248000.0
NJ,1966,0.0,40000.0
NJ,1966,0.0,80000.0
NJ,1970,0.0,475270.0
NJ,1971,0.0,237900.0
NJ,1972,0.0,543650.0
NJ,1973,0.0,347341.0
NJ,1974,0.0,167549.0
NJ,1975,0.0,166799.0
NJ,1976,0.0,81656.0
NJ,1977,0.0,169949.0
NJ,1978,0.0,121686.0
NJ,1979,0.0,124702.0
NJ,1980,0.0,150015.0
NJ,1982,0.0,1200000.0
NJ,1989,0.0,250000.0
NJ,1990,0.0,40000.0
NJ,1991,0.0,100000.0
NJ,1992,24816.0,2618000.0
NJ,1993,24816.0,2727000.0
NJ,1993,9500.0,846000.0
NJ,1994,6336.0,606000.0
NJ,1995,24816.0,1411000.0
NJ,1995,,360000.0
NJ,1997,0.0,800000.0
NJ,2000,24816.0,1351000.0
NJ,2001,,302894.0
NJ,2004,,62000.0
NJ,2004,24816.0,1592416.0
NJ,2010,24816.0,1889014.0
NJ,2013,0.0,1802316.0
NJ,2015,,973681.0
NJ,2015,,1514600.0
NJ,2016,,317200.0
NJ,2016,,173800.0
NJ,2017,,1276777.0
NJ,2020,,3175000.0
NJ,1962,0.0,15000.0
NJ,1963,0.0,136400.0
NJ,1963,0.0,218284.0
NJ,1963,0.0,538000.0
NJ,1964,0.0,190000.0
NJ,1945,0.0,54000.0
NJ,1967,0.0,50000.0
NJ,1945,0.0,400000.0
NJ,1966,0.0,620000.0
NJ,1968,0.0,900000.0
NJ,1975,0.0,191447.0
NJ,1976,3168.0,198276.0
NJ,1977,1056.0,196193.0
NJ,1978,0.0,98096.0
NJ,1983,0.0,2370766.0
NJ,1984,0.0,800000.0
NJ,1990,0.0,3302273.0
NJ,1998,4400.0,287749.0
NJ,1999,4400.0,3100000.0
NJ,1962,0.0,25000.0
NJ,1963,26928.0,1433000.0
NJ,1966,0.0,425000.0
NJ,1995,63360.0,4898834.0
NJ,1996,12671.0,4145000.0
NJ,1999,17423.0,3800000.0
NJ,2002,63360.0,2492908.0
NJ,2009,17423.0,959999.0
NJ,2011,,813323.0
NJ,2012,,2100000.0
NJ,2013,4224.0,3300000.0
NJ,2013,30094.0,2175000.0
NJ,2015,80783.0,1370000.0
NJ,2015,80783.0,3000000.0
NJ,2019,,2821498.0
NJ,2021,,1800000.0
NJ,1962,0.0,46300.0
NJ,1966,0.0,250000.0
NJ,1966,0.0,425211.0
NJ,1978,0.0,60744.0
NJ,1962,35376.0,905082.0
NJ,1965,0.0,60000.0
NJ,1978,0.0,10000.0
NJ,1978,0.0,700000.0
NJ,1981,0.0,20880.0
NJ,1983,0.0,45000.0
NJ,1984,0.0,800000.0
NJ,1987,0.0,158000.0
NJ,2001,0.0,461000.0
NJ,2015,1.0,1.0
NJ,1961,0.0,30000.0
NJ,1961,0.0,50000.0
NJ,1962,0.0,10000.0
NJ,1966,0.0,31240.0
NJ,1968,0.0,65000.0
NJ,1997,,60000.0
NJ,2003,0.0,30710.0
NJ,2006,,21000.0
NJ,2006,,147670.0
NJ,1956,0.0,195000.0
NJ,1967,0.0,175218.0
NJ,1968,0.0,200000.0
NJ,1981,0.0,36000.0
NJ,1982,0.0,45000.0
NJ,1984,0.0,120000.0
NJ,1984,0.0,450000.0
NJ,1984,0.0,592000.0
NJ,1984,0.0,1600000.0
NJ,1992,0.0,23000.0
NJ,2015,84480.0,4700000.0
NJ,1956,0.0,182000.0
NJ,1962,0.0,539000.0
NJ,1963,0.0,363482.0
NJ,1994,0.0,660000.0
NJ,2007,1.0,890549.0
NJ,2011,,273907.0
NJ,1950,0.0,134000.0
NJ,1966,0.0,10000.0
NJ,1963,0.0,25000.0
NJ,1966,0.0,5000.0
NJ,1989,0.0,190000.0
NJ,1991,0.0,100000.0
NY,1994,7500.0,199000.0
NY,1962,3168.0,70000.0
NY,2013,31680.0,2500000.0
NY,1923,8750.0,1300000.0
NY,1926,2500.0,850000.0
NY,1941,12500.0,500000.0
NY,1961,7000.0,750000.0
NY,1995,15840.0,2317513.0
NY,1996,0.0,35000.0
NY,2001,0.0,105000.0
NY,2004,9504.0,20000.0
NY,2013,0.0,569000.0
NY,2014,3000.0,100000.0
NY,1949,0.0,465000.0
NY,1959,0.0,449719.0
NY,1960,0.0,1630000.0
NY,1970,0.0,71000.0
NY,1980,0.0,19000.0
NY,1990,13411.2,258000.0
NY,1940,0.0,1332000.0
NY,1950,0.0,852000.0
NY,1960,0.0,265900.0
NY,1962,37000.0,715000.0
NY,1962,30624.0,993500.0
NY,1967,0.0,135300.0
NY,1973,0.0,174100.0
NY,1983,0.0,10000.0
NY,1991,0.0,3000.0
NY,1994,2600.0,140000.0
NY,1994,0.0,465000.0
NY,1997,0.0,652800.0
NY,2004,0.0,1180000.0
NY,2009,163046.4,1899277.0
NY,2016,,1512000.0
NY,2019,,2300000.0
NY,2021,,1500000.0
NY,1993,,11142.0
NY,1927,,40000000.0
NY,1940,0.0,1230000.0
NY,1950,0.0,4880000.0
NY,1959,0.0,1000000.0
NY,1974,0.0,954000.0
NY,1975,11000.0,931310.0
NY,1977,11000.0,2271457.0
NY,1989,14000.0,1000000.0
NY,1990,14000.0,797000.0
NY,1990,1000.0,388000.0
NY,1992,14000.0,1515000.0
NY,1994,18000.0,1545333.0
NY,1997,14000.0,1081861.0
NY,2000,14000.0,1107718.0
NY,2002,14000.0,1325990.0
NY,2004,14000.0,1444831.0
NY,2008,14000.0,620000.0
NY,2014,14000.0,2032418.0
NY,2018,14000.0,1800000.0
NY,1962,4224.0,200000.0
NY,1959,0.0,550000.0
NY,1960,0.0,200000.0
NY,1970,0.0,636000.0
NY,1980,0.0,1142000.0
NY,1990,0.0,2137000.0
NY,2019,,4800000.0
NY,1990,0.0,5000.0
NY,1966,0.0,677900.0
NY,1969,0.0,151000.0
NY,1973,0.0,135000.0
NY,1978,0.0,218500.0
NY,1996,,256636.0
NY,2004,,250250.0
NY,2013,,200000.0
NY,2011,400.0,254200.0
NY,1992,1000.0,145000.0
NY,2012,1000.0,100000.0
NY,1990,3000.0,353000.0
NY,1994,3000.0,560000.0
NY,1995,3000.0,458923.0
NY,2008,3000.0,625625.0
NY,2014,3000.0,665470.0
NY,1993,22000.0,540000.0
NY,2002,22000.0,164794.0
NY,2004,22000.0,135983.0
NY,2014,22000.0,400000.0
NY,2014,1.0,69030.0
NY,1927,54000.0,1.0
NY,1930,25872.0,5200000.0
NY,1939,4752.0,400000.0
NY,1958,0.0,1250000.0
NY,1962,2112.0,175000.0
NY,1967,3696.0,300000.0
NY,1975,15840.0,3668700.0
NY,1976,22176.0,1489600.0
NY,1977,10560.0,1000000.0
NY,1978,7920.0,671300.0
NY,1980,3696.0,466000.0
NY,1982,1500.0,163000.0
NY,1982,6336.0,1066400.0
NY,1984,5808.0,1667900.0
NY,1986,6336.0,1345000.0
NY,1988,6336.0,1166000.0
NY,1991,,157081.0
NY,1994,3000.0,152508.0
NY,1996,4000.0,2685073.0
NY,1997,3000.0,411760.0
NY,1998,3000.0,218006.0
NY,2001,32736.0,1000000.0
NY,2001,0.0,1250758.0
NY,2002,3000.0,141900.0
NY,2004,32736.0,1025000.0
NY,2005,3000.0,224091.0
NY,2007,26400.0,266890.0
NY,2010,0.0,137265.0
NY,2012,,271250.0
NY,2013,32736.0,542280.0
NY,2014,32736.0,2888660.0
NY,2017,,249305.0
NY,2019,,346420.0
NY,1998,4000.0,591657.0
NY,2005,4000.0,610000.0
NY,2013,4000.0,300000.0
NY,2014,4000.0,450000.0
NY,2020,4000.0,583520.0
NY,1969,0.0,62400.0
NY,1995,0.0,40000.0
NY,1996,0.0,600000.0
NY,2009,19000.0,460000.0
NY,2016,,1200000.0
NY,2018,,143000.0
NY,2021,2200.0,4000.0
NY,1946,0.0,400000.0
NY,1951,0.0,120000.0
NY,1962,5280.0,200000.0
NY,1965,0.0,1800000.0
NY,1967,0.0,249000.0
NY,2014,29568.0,2627000.0
NY,1993,3000.0,500000.0
NY,2013,3000.0,124000.0
NY,1962,1584.0,136500.0
NY,1970,5910.0,1950000.0
NY,1993,3000.0,1438644.0
NY,1996,10120.0,3960000.0
NY,1997,10914.0,1010938.0
NY,2001,16343.0,987000.0
NY,2005,10053.0,1595000.0
NY,2009,8190.0,632611.0
NY,2014,16343.0,1023316.0
NY,2020,,1205737.0
OH,2002,,102857.0
OH,2004,,23989.0
OR,2002,,43727.0
OR,2008,,23809.0
OR,2008,,101588.0
OR,2010,,20000.0
OR,1998,,1595.0
OR,2003,,3192.0
OR,2004,,5172.0
OR,2014,,7214.0
PA,1993,,31913.0
PA,1994,,35379.0
PA,1995,,33957.0
PA,1996,,34071.0
PA,1997,31680.0,57489.0
PA,1998,,34888.0
PA,1999,,46350.0
PA,2000,,9995.0
PA,2001,,24004.0
PA,2002,,31338.0
PA,2003,,26645.0
PA,2004,,30775.0
PA,2005,,29625.0
PA,2006,,28770.0
PA,2007,,27800.0
PA,2008,,25275.0
PA,2009,,38472.0
PA,2010,,37968.0
PA,2011,,55994.0
PA,2012,,54852.0
PA,2013,,31285.0
PA,2014,27000.0,69082.0
PA,2015,,62125.0
PA,2016,,50433.0
PA,2017,,64257.0
PA,2018,,58619.0
PA,2019,,74353.0
PA,2020,,102249.0
PA,2021,,73795.0
RI,1987,0.0,16000.0
RI,2013,4500.0,100000.0
RI,2007,0.0,90000.0
RI,1959,3250.0,80000.0
RI,1988,100.0,90.0
RI,1989,400.0,1000.0
RI,1992,4800.0,25000.0
RI,2014,3250.0,94500.0
RI,1981,0.0,35000.0
RI,1996,0.0,60000.0
SC,1999,4780.0,446000.0
SC,2008,6400.0,331574.0
SC,2019,6000.0,475000.0
SC,1998,18500.0,1410000.0
SC,1990,4000.0,191693.0
SC,1998,8000.0,262400.0
SC,2006,8000.0,590000.0
SC,2015,8100.0,650000.0
SC,2022,8500.0,718246.0
SC,1954,5400.0,830000.0
SC,1995,10371.0,148414.0
SC,2006,15058.0,878000.0
SC,2017,15058.0,1006000.0
SC,2021,5400.0,30416.0
SC,1979,1500.0,43651.0
SC,1982,1500.0,43651.0
SC,1983,1500.0,43651.0
SC,1984,1500.0,43651.0
SC,1985,1500.0,43651.0
SC,1986,1500.0,43651.0
SC,1987,1500.0,43651.0
SC,1988,1500.0,43651.0
SC,1990,1500.0,200000.0
SC,1990,1500.0,40000.0
SC,1993,28195.2,2695900.0
SC,1998,2000.0,40000.0
SC,2000,2000.0,101513.0
SC,2003,1500.0,127202.0
SC,2005,28880.0,2338000.0
SC,2006,1500.0,84354.0
SC,2007,10000.0,485000.0
SC,2013,1800.0,415000.0
SC,2014,27984.0,1400000.0
SC,2018,27984.0,1200000.0
SC,1979,5000.0,70000.0
SC,1979,4000.0,633497.0
SC,1990,13500.0,163500.0
SC,1990,5000.0,70000.0
SC,1998,40656.0,1517494.0
SC,2008,40650.0,857633.0
SC,2017,9150.0,505000.0
SC,2017,36500.0,912623.0
SC,2019,41900.0,673257.0
SC,1969,14600.0,1600000.0
SC,1980,15000.0,550000.0
SC,1990,35000.0,2338000.0
SC,1997,46500.0,3383000.0
SC,1999,3400.0,290200.0
SC,2007,45500.0,2724900.0
SC,2012,5700.0,1250000.0
SC,2013,4750.0,30000.0
SC,2016,42800.0,2856000.0
SC,2017,17400.0,710000.0
SC,1968,9850.0,750000.0
SC,1971,9850.0,761324.0
SC,1975,8860.0,612974.0
SC,1980,12160.0,1412692.0
SC,1991,7800.0,757644.0
SC,2003,2500.0,230031.0
SC,2005,2484.0,87092.0
SC,2006,7985.0,644222.0
SC,2020,11500.0,1170000.0
SC,1979,10000.0,353232.0
SC,1980,10000.0,542944.0
SC,1988,10000.0,450000.0
SC,2002,10000.0,544338.0
SC,2022,3400.0,460380.0
SC,1984,5000.0,350000.0
SC,2008,10200.0,933985.0
SC,2018,10200.0,1685000.0
SC,2006,5280.0,550000.0
SC,2015,,100000.0
SC,1987,45100.0,853350.0
SC,1990,44990.0,395960.0
SC,1997,48734.0,2249916.0
SC,2009,48780.0,1497975.0
SC,2018,25000.0,1170621.0
SC,1990,42360.0,376920.0
SC,1997,45400.0,2622904.0
SC,2008,45400.0,902725.0
SC,2017,17500.0,402686.0
SC,2018,10000.0,50000.0
SC,2019,29900.0,507915.0
SC,1999,16200.0,270000.0
SC,2020,15100.0,1132420.0
SC,1990,5850.0,684474.0
SC,1998,2500.0,35000.0
SC,1982,5280.0,513000.0
TX,2001,3110.0,15900.0
TX,1996,5280.0,1788671.0
TX,2000,5280.0,300000.0
TX,2007,26400.0,50000.0
TX,1997,0.0,188000.0
TX,1999,0.0,175000.0
TX,2000,3000.0,138400.0
TX,2001,3000.0,126000.0
TX,2001,5730.0,101643.0
TX,2002,3000.0,119000.0
TX,2015,3000.0,171000.0
TX,1978,7392.0,871000.0
TX,1986,0.0,38000.0
TX,1998,0.0,24000.0
TX,2001,3000.0,150000.0
TX,2004,1800.0,56000.0
TX,2016,4800.0,
TX,2016,3200.0,70000.0
TX,2021,4680.0,
TX,1985,1456.0,14989.0
TX,1993,6000.0,500000.0
TX,1995,19008.0,710000.0
TX,1998,20000.0,70000.0
TX,1999,485.0,1200.0
TX,1999,20000.0,70000.0
TX,2000,20000.0,70000.0
TX,2001,1310.0,13300.0
TX,2003,1500.0,80000.0
TX,2008,0.0,42000.0
TX,2009,18480.0,450000.0
TX,2010,,
TX,2015,2100.0,113000.0
TX,2015,4980.0,629188.0
TX ,2017,19487.0,1000000.0
TX,2019,6400.0,423027.0
TX,2020,,2200000.0
TX,2021,9800.0,608948.0
TX,2000,5280.0,297474.0
TX,2000,17640.0,44100.0
TX,2001,7120.0,17800.0
TX,2003,1400.0,104000.0
TX,2007,,18500.0
TX,2014,102000.0,173000.0
TX,2015,102000.0,171000.0
TX,2006,3200.0,32000.0
TX,1977,0.0,509300.0
TX,1979,0.0,369100.0
TX,1980,0.0,302200.0
TX,1981,0.0,236800.0
TX,1986,0.0,73000.0
TX,1988,0.0,132900.0
TX,1991,0.0,98700.0
TX,1991,0.0,139900.0
TX,1991,0.0,169600.0
TX,1994,0.0,242800.0
TX,1997,0.0,287100.0
TX,1999,0.0,231000.0
TX,2002,0.0,200000.0
TX,1994,,876337.0
TX,2003,2500.0,8000.0
TX,1992,600.0,119000.0
TX,2003,1500.0,5777.0
TX,2016,1900.0,36000.0
TX,2021,1850.0,
TX,1956,0.0,6000.0
TX,1993,5280.0,1126015.0
TX,1996,5280.0,240000.0
TX,1997,5280.0,501439.0
TX,1999,0.0,174591.0
TX,2000,5280.0,108000.0
TX,2001,5280.0,2002404.0
TX,2002,0.0,118743.0
TX,2003,0.0,104176.0
TX,2004,,1257618.0
TX,2004,,169652.0
TX,2012,5280.0,642275.0
TX,2016,,662581.0
TX,2017,,800000.0
TX,1988,0.0,150000.0
TX,2013,5280.0,200000.0
TX,2001,4220.0,10100.0
TX,1999,4000.0,90000.0
TX,1997,6864.0,886332.0
TX,1999,0.0,494766.0
TX,2000,10560.0,375000.0
TX,2000,1585.0,4000.0
TX,2002,3780.0,306402.0
TX,2005,3780.0,280000.0
TX,2009,4700.0,406000.0
TX,2010,3000.0,225000.0
TX,2011,5700.0,525222.0
TX,2012,3780.0,257988.0
TX,2014,3780.0,304629.0
TX,2016,3780.0,350000.0
TX,2021,2900.0,355248.0
TX,2001,1725.0,5900.0
TX,1988,5280.0,132000.0
TX,1991,4700.0,600000.0
TX,2001,3700.0,49000.0
TX,2011,4000.0,121000.0
TX,2018,2000.0,
TX,2001,2850.0,19900.0
VA,1990,4000.0,280000.0
VA,1996,1500.0,60000.0
VA,2004,1500.0,354907.0
VA,2011,1500.0,15000.0
VA,1996,9200.0,808000.0
VA,2004,9200.0,700000.0
VA,2015,10032.0,613545.0
VA,2003,9200.0,359000.0
VA,1962,11088.0,262000.0
VA,1998,26400.0,1500000.0
VA,2003,26400.0,1700000.0
VA,2007,27984.0,2110975.0
VA,2013,26505.0,2134850.0
VA,2020,27720.0,1700466.0
VA,1951,0.0,20000.0
VA,1952,0.0,1320000.0
VA,1953,0.0,94000.0
VA,1954,0.0,17500.0
VA,1955,0.0,115100.0
VA,1956,0.0,115100.0
VA,1957,0.0,115100.0
VA,1958,0.0,115100.0
VA,1959,0.0,115100.0
VA,1960,0.0,115100.0
VA,1961,0.0,115100.0
VA,1962,0.0,472000.0
VA,1963,18480.0,181100.0
VA,1964,18480.0,181100.0
VA,1965,18480.0,181100.0
VA,1966,18480.0,181100.0
VA,1967,18480.0,181100.0
VA,1968,18480.0,147400.0
VA,1969,18480.0,100500.0
VA,1970,18480.0,283800.0
VA,1971,18480.0,230600.0
VA,1972,18480.0,489800.0
VA,1973,18480.0,358600.0
VA,1974,18480.0,165500.0
VA,1975,18480.0,273430.0
VA,1976,18480.0,241210.0
VA,1977,18480.0,289488.0
VA,1978,18480.0,259992.0
VA,1979,18480.0,295040.0
VA,1980,18480.0,266150.0
VA,1981,18480.0,332494.0
VA,1982,18480.0,319578.0
VA,1983,18480.0,317395.0
VA,1984,18480.0,351399.0
VA,1985,18480.0,384453.0
VA,1986,18480.0,396066.0
VA,1987,18480.0,306682.0
VA,1988,18480.0,160071.0
VA,1989,18480.0,1200000.0
VA,1990,18480.0,94586.0
VA,1991,18480.0,195419.0
VA,1992,18480.0,265659.0
VA,1992,18480.0,122030.0
VA,1993,18480.0,87600.0
VA,1993,18480.0,311790.0
VA,1994,18480.0,303318.0
VA,1994,18480.0,57202.0
VA,1995,18480.0,65673.0
VA,1995,18480.0,289450.0
VA,1996,18480.0,300000.0
VA,1996,18480.0,60725.0
VA,1998,18480.0,26739.0
VA,1998,26400.0,1000000.0
VA,1999,18480.0,100000.0
VA,2000,18480.0,21629.0
VA,2001,18480.0,80000.0
VA,2002,18480.0,26015.0
VA,2002,31680.0,4200000.0
VA,2003,18480.0,32000.0
VA,2008,18480.0,102899.0
VA,2010,18480.0,103249.0
VA,2013,26400.0,1440250.0
VA,2020,,1400000.0
VA,2020,,191000.0
VA,2011,19008.0,3214732.0
VA,2014,12144.0,682396.0
WA,2002,0.0,43000.0
WA,2000,600.0,3500.0
WA,1999,900.0,1810.0
WA,1997,6160.0,100000.0
WA,1994,0.0,600000.0
WA,2002,0.0,135000.0
WA,1994,2500.0,1750.0
WA,2022,200.0,2100.0
WA,1995,0.0,300015.0
WA,1998,1000.0,8760.0
WA,2012,12500.0,600000.0
WA,2018,12500.0,650000.0
WI,1992,,7848.0
WI,1997,,6459.0
WI,2001,,10350.0
WI,2005,,4576.0
WI,2008,,5074.0
WI,1990,,45303.0
WI,1996,,50632.0
WI,1998,,112520.0
WI,2002,,116684.0
WI,2008,,135721.0
WI,2013,,112921.0
WI,2014,,159029.0
WI,2015,,149500.0
WI,1999,,32706.0
WI,1993,,20457.0
WI,1998,,27377.0
WI,2002,,30688.0
WI,2005,,7535.0
WI,2008,,11594.0
WI,1991,,46577.0
WI,1997,,49035.0
WI,2000,,41072.0
WI,2005,,43189.0
WI,2009,,89750.0
